0.000000000000000000e+00 0.000000000000000000e+00 0.000000000000000000e+00 0.000000000000000000e+00 0.000000000000000000e+00 0.000000000000000000e+00 0.000000000000000000e+00 0.000000000000000000e+00 0.000000000000000000e+00 0.000000000000000000e+00 0.000000000000000000e+00 0.000000000000000000e+00 0.000000000000000000e+00 0.000000000000000000e+00 0.000000000000000000e+00 0.000000000000000000e+00 0.000000000000000000e+00 0.000000000000000000e+00
0.000000000000000000e+00 0.000000000000000000e+00 0.000000000000000000e+00 0.000000000000000000e+00 0.000000000000000000e+00 0.000000000000000000e+00 0.000000000000000000e+00 0.000000000000000000e+00 0.000000000000000000e+00 0.000000000000000000e+00 0.000000000000000000e+00 0.000000000000000000e+00 0.000000000000000000e+00 0.000000000000000000e+00 0.000000000000000000e+00 0.000000000000000000e+00 0.000000000000000000e+00 0.000000000000000000e+00
0.000000000000000000e+00 0.000000000000000000e+00 0.000000000000000000e+00 0.000000000000000000e+00 0.000000000000000000e+00 0.000000000000000000e+00 0.000000000000000000e+00 0.000000000000000000e+00 0.000000000000000000e+00 0.000000000000000000e+00 0.000000000000000000e+00 0.000000000000000000e+00 0.000000000000000000e+00 0.000000000000000000e+00 0.000000000000000000e+00 0.000000000000000000e+00 0.000000000000000000e+00 0.000000000000000000e+00
0.000000000000000000e+00 0.000000000000000000e+00 0.000000000000000000e+00 0.000000000000000000e+00 0.000000000000000000e+00 0.000000000000000000e+00 0.000000000000000000e+00 0.000000000000000000e+00 0.000000000000000000e+00 0.000000000000000000e+00 0.000000000000000000e+00 0.000000000000000000e+00 0.000000000000000000e+00 0.000000000000000000e+00 0.000000000000000000e+00 0.000000000000000000e+00 0.000000000000000000e+00 0.000000000000000000e+00
0.000000000000000000e+00 0.000000000000000000e+00 0.000000000000000000e+00 0.000000000000000000e+00 0.000000000000000000e+00 0.000000000000000000e+00 0.000000000000000000e+00 0.000000000000000000e+00 0.000000000000000000e+00 0.000000000000000000e+00 0.000000000000000000e+00 0.000000000000000000e+00 0.000000000000000000e+00 0.000000000000000000e+00 0.000000000000000000e+00 0.000000000000000000e+00 0.000000000000000000e+00 0.000000000000000000e+00
0.000000000000000000e+00 0.000000000000000000e+00 0.000000000000000000e+00 0.000000000000000000e+00 0.000000000000000000e+00 0.000000000000000000e+00 0.000000000000000000e+00 0.000000000000000000e+00 0.000000000000000000e+00 0.000000000000000000e+00 0.000000000000000000e+00 0.000000000000000000e+00 0.000000000000000000e+00 0.000000000000000000e+00 0.000000000000000000e+00 0.000000000000000000e+00 0.000000000000000000e+00 0.000000000000000000e+00
0.000000000000000000e+00 0.000000000000000000e+00 0.000000000000000000e+00 0.000000000000000000e+00 0.000000000000000000e+00 0.000000000000000000e+00 0.000000000000000000e+00 0.000000000000000000e+00 0.000000000000000000e+00 0.000000000000000000e+00 0.000000000000000000e+00 0.000000000000000000e+00 0.000000000000000000e+00 0.000000000000000000e+00 0.000000000000000000e+00 0.000000000000000000e+00 0.000000000000000000e+00 0.000000000000000000e+00
0.000000000000000000e+00 0.000000000000000000e+00 0.000000000000000000e+00 0.000000000000000000e+00 0.000000000000000000e+00 0.000000000000000000e+00 0.000000000000000000e+00 3.820503893467398077e-02 3.820503893467398077e-02 0.000000000000000000e+00 0.000000000000000000e+00 0.000000000000000000e+00 0.000000000000000000e+00 0.000000000000000000e+00 0.000000000000000000e+00 0.000000000000000000e+00 0.000000000000000000e+00 0.000000000000000000e+00
0.000000000000000000e+00 0.000000000000000000e+00 0.000000000000000000e+00 0.000000000000000000e+00 0.000000000000000000e+00 3.633610463437149385e-02 3.727057178452274078e-02 3.820503893467398077e-02 3.820503893467398077e-02 3.820503893467398077e-02 0.000000000000000000e+00 0.000000000000000000e+00 0.000000000000000000e+00 0.000000000000000000e+00 0.000000000000000000e+00 0.000000000000000000e+00 0.000000000000000000e+00 0.000000000000000000e+00
0.000000000000000000e+00 0.000000000000000000e+00 0.000000000000000000e+00 0.000000000000000000e+00 3.633610463437149385e-02 3.633610463437149385e-02 3.727057178452274078e-02 3.727057178452274078e-02 3.820503893467398077e-02 1.026663049847488796e-01 1.026663049847488796e-01 0.000000000000000000e+00 0.000000000000000000e+00 0.000000000000000000e+00 0.000000000000000000e+00 0.000000000000000000e+00 0.000000000000000000e+00 0.000000000000000000e+00
0.000000000000000000e+00 0.000000000000000000e+00 0.000000000000000000e+00 0.000000000000000000e+00 3.633610463437149385e-02 3.633610463437149385e-02 3.633610463437149385e-02 7.189696224994164553e-02 1.154941177167590621e-01 1.026663049847488796e-01 1.265888508863336481e-01 6.566525364110724350e-02 4.528037654437096909e-02 4.528037654437096909e-02 4.528037654437096909e-02 0.000000000000000000e+00 0.000000000000000000e+00 0.000000000000000000e+00
0.000000000000000000e+00 0.000000000000000000e+00 0.000000000000000000e+00 6.585258157430069759e-02 7.996768818098730358e-02 9.703368111351542979e-02 1.050667420498135468e-01 1.050667420498135468e-01 1.354348050200722131e-01 1.229865739778951000e-01 1.106744262312112231e-01 1.038102755163350793e-01 4.528037654437096909e-02 4.528037654437096909e-02 4.528037654437096909e-02 0.000000000000000000e+00 0.000000000000000000e+00 0.000000000000000000e+00
0.000000000000000000e+00 0.000000000000000000e+00 6.585258157430069759e-02 6.585258157430069759e-02 6.585258157430069759e-02 1.172662066065634084e-01 1.237118506839541554e-01 1.257237137976265073e-01 1.205233350013264898e-01 1.044850589928921353e-01 1.012471705595657384e-01 1.147872214255611645e-01 9.032649655161965885e-02 4.543958519403411278e-02 4.543958519403411278e-02 0.000000000000000000e+00 0.000000000000000000e+00 0.000000000000000000e+00
0.000000000000000000e+00 0.000000000000000000e+00 8.523860410820328914e-02 8.523860410820328914e-02 6.585258157430069759e-02 9.504406687992111857e-02 1.414208286669600412e-01 1.531355333010666064e-01 1.322065046009508749e-01 7.968232672315073151e-02 1.154456194428567367e-01 1.303706154753579982e-01 7.842264757166349243e-02 4.559879384369726341e-02 4.559879384369726341e-02 4.559879384369726341e-02 0.000000000000000000e+00 0.000000000000000000e+00
0.000000000000000000e+00 0.000000000000000000e+00 1.046246266421058807e-01 8.523860410820328914e-02 8.523860410820328914e-02 1.460485715502913839e-01 1.900301933967841195e-01 1.956484165635173911e-01 1.184588278188573457e-01 7.894459533917425054e-02 6.866401336660754584e-02 9.683204174070086934e-02 1.076679535758747336e-01 1.567175155615608551e-01 1.567175155615608551e-01 0.000000000000000000e+00 0.000000000000000000e+00 0.000000000000000000e+00
0.000000000000000000e+00 0.000000000000000000e+00 1.046246266421058807e-01 1.046246266421058807e-01 1.746277354884965272e-01 1.853618279662616608e-01 1.715345992340252534e-01 1.527444105195207014e-01 1.101385246807932289e-01 6.410306286276575005e-02 5.761808445146338054e-02 5.634788258572467901e-02 1.066050887096399863e-01 2.678362372794244606e-01 2.678362372794244606e-01 0.000000000000000000e+00 0.000000000000000000e+00 0.000000000000000000e+00
0.000000000000000000e+00 0.000000000000000000e+00 0.000000000000000000e+00 1.372999347733605546e-01 1.372999347733605546e-01 2.039763063164655998e-01 1.318004091928506594e-01 1.193723627148936678e-01 1.490269534433096565e-01 1.494176344302031445e-01 1.167773734585380307e-01 6.646958347580268767e-02 1.041624880687391647e-01 1.788434038363583278e-01 2.678362372794244606e-01 0.000000000000000000e+00 0.000000000000000000e+00 0.000000000000000000e+00
0.000000000000000000e+00 0.000000000000000000e+00 6.264433334308863732e-02 6.264433334308863732e-02 1.536375888389879263e-01 1.568656486586732790e-01 1.107362435928528066e-01 1.322567586684685881e-01 1.529856279071174774e-01 1.820104049946651703e-01 1.642829939733209121e-01 1.053320421819542996e-01 8.985057039329219508e-02 1.788434038363583278e-01 2.678362372794244606e-01 0.000000000000000000e+00 0.000000000000000000e+00 0.000000000000000000e+00
0.000000000000000000e+00 0.000000000000000000e+00 6.264433334308863732e-02 6.264433334308863732e-02 6.264433334308863732e-02 1.013541988136118094e-01 1.351911595620772233e-01 1.278019191960365064e-01 1.346232497949169105e-01 2.076873189092791061e-01 2.331665393071450654e-01 1.497215905943079517e-01 8.985057039329219508e-02 8.985057039329219508e-02 0.000000000000000000e+00 0.000000000000000000e+00 0.000000000000000000e+00 0.000000000000000000e+00
0.000000000000000000e+00 0.000000000000000000e+00 0.000000000000000000e+00 6.264433334308863732e-02 7.037041407139571492e-02 7.037041407139571492e-02 1.219613231177379964e-01 1.630130357512173389e-01 2.775568215714249720e-01 3.076830864280101774e-01 2.315037070165097410e-01 1.842859948087705868e-01 8.985057039329219508e-02 8.985057039329219508e-02 0.000000000000000000e+00 0.000000000000000000e+00 0.000000000000000000e+00 0.000000000000000000e+00
0.000000000000000000e+00 0.000000000000000000e+00 0.000000000000000000e+00 0.000000000000000000e+00 0.000000000000000000e+00 0.000000000000000000e+00 0.000000000000000000e+00 1.903032120065239474e-01 4.060678175860612527e-01 4.376236132016471103e-01 0.000000000000000000e+00 0.000000000000000000e+00 0.000000000000000000e+00 0.000000000000000000e+00 0.000000000000000000e+00 0.000000000000000000e+00 0.000000000000000000e+00 0.000000000000000000e+00
0.000000000000000000e+00 0.000000000000000000e+00 0.000000000000000000e+00 0.000000000000000000e+00 0.000000000000000000e+00 0.000000000000000000e+00 1.277305391243613197e+00 1.277305391243613197e+00 9.495689072046058499e-01 9.495689072046058499e-01 0.000000000000000000e+00 0.000000000000000000e+00 0.000000000000000000e+00 0.000000000000000000e+00 0.000000000000000000e+00 0.000000000000000000e+00 0.000000000000000000e+00 0.000000000000000000e+00
0.000000000000000000e+00 0.000000000000000000e+00 0.000000000000000000e+00 0.000000000000000000e+00 0.000000000000000000e+00 0.000000000000000000e+00 1.277305391243613197e+00 1.277305391243613197e+00 1.277305391243613197e+00 1.136644212231858742e+00 1.188939126719285033e+00 1.100572862194956869e+00 0.000000000000000000e+00 0.000000000000000000e+00 0.000000000000000000e+00 0.000000000000000000e+00 0.000000000000000000e+00 0.000000000000000000e+00
0.000000000000000000e+00 0.000000000000000000e+00 0.000000000000000000e+00 0.000000000000000000e+00 0.000000000000000000e+00 0.000000000000000000e+00 1.154679887250309678e+00 1.154679887250309678e+00 1.154679887250309678e+00 1.136644212231858742e+00 1.100572862194956869e+00 1.100572862194956869e+00 1.100572862194956869e+00 0.000000000000000000e+00 0.000000000000000000e+00 0.000000000000000000e+00 0.000000000000000000e+00 0.000000000000000000e+00
0.000000000000000000e+00 0.000000000000000000e+00 0.000000000000000000e+00 0.000000000000000000e+00 0.000000000000000000e+00 0.000000000000000000e+00 1.032054383257006158e+00 1.032054383257006158e+00 1.032054383257006158e+00 1.066313622725981514e+00 1.100572862194956869e+00 1.100572862194956869e+00 1.100572862194956869e+00 0.000000000000000000e+00 0.000000000000000000e+00 0.000000000000000000e+00 0.000000000000000000e+00 0.000000000000000000e+00
