0.000000000000000000e+00 0.000000000000000000e+00 0.000000000000000000e+00 0.000000000000000000e+00 0.000000000000000000e+00 0.000000000000000000e+00 0.000000000000000000e+00 0.000000000000000000e+00 0.000000000000000000e+00 0.000000000000000000e+00 0.000000000000000000e+00 0.000000000000000000e+00 0.000000000000000000e+00 0.000000000000000000e+00 0.000000000000000000e+00 0.000000000000000000e+00 0.000000000000000000e+00 0.000000000000000000e+00
0.000000000000000000e+00 0.000000000000000000e+00 0.000000000000000000e+00 0.000000000000000000e+00 0.000000000000000000e+00 0.000000000000000000e+00 0.000000000000000000e+00 0.000000000000000000e+00 0.000000000000000000e+00 0.000000000000000000e+00 0.000000000000000000e+00 0.000000000000000000e+00 0.000000000000000000e+00 0.000000000000000000e+00 0.000000000000000000e+00 0.000000000000000000e+00 0.000000000000000000e+00 0.000000000000000000e+00
0.000000000000000000e+00 0.000000000000000000e+00 0.000000000000000000e+00 0.000000000000000000e+00 0.000000000000000000e+00 0.000000000000000000e+00 0.000000000000000000e+00 0.000000000000000000e+00 0.000000000000000000e+00 0.000000000000000000e+00 0.000000000000000000e+00 0.000000000000000000e+00 0.000000000000000000e+00 0.000000000000000000e+00 0.000000000000000000e+00 0.000000000000000000e+00 0.000000000000000000e+00 0.000000000000000000e+00
0.000000000000000000e+00 0.000000000000000000e+00 0.000000000000000000e+00 0.000000000000000000e+00 0.000000000000000000e+00 0.000000000000000000e+00 0.000000000000000000e+00 0.000000000000000000e+00 0.000000000000000000e+00 0.000000000000000000e+00 0.000000000000000000e+00 0.000000000000000000e+00 0.000000000000000000e+00 0.000000000000000000e+00 0.000000000000000000e+00 0.000000000000000000e+00 0.000000000000000000e+00 0.000000000000000000e+00
0.000000000000000000e+00 0.000000000000000000e+00 0.000000000000000000e+00 0.000000000000000000e+00 0.000000000000000000e+00 0.000000000000000000e+00 0.000000000000000000e+00 0.000000000000000000e+00 0.000000000000000000e+00 0.000000000000000000e+00 0.000000000000000000e+00 0.000000000000000000e+00 0.000000000000000000e+00 0.000000000000000000e+00 0.000000000000000000e+00 0.000000000000000000e+00 0.000000000000000000e+00 0.000000000000000000e+00
0.000000000000000000e+00 0.000000000000000000e+00 0.000000000000000000e+00 0.000000000000000000e+00 0.000000000000000000e+00 0.000000000000000000e+00 0.000000000000000000e+00 0.000000000000000000e+00 0.000000000000000000e+00 0.000000000000000000e+00 0.000000000000000000e+00 0.000000000000000000e+00 0.000000000000000000e+00 0.000000000000000000e+00 0.000000000000000000e+00 0.000000000000000000e+00 0.000000000000000000e+00 0.000000000000000000e+00
0.000000000000000000e+00 0.000000000000000000e+00 0.000000000000000000e+00 0.000000000000000000e+00 0.000000000000000000e+00 0.000000000000000000e+00 0.000000000000000000e+00 0.000000000000000000e+00 0.000000000000000000e+00 0.000000000000000000e+00 0.000000000000000000e+00 0.000000000000000000e+00 0.000000000000000000e+00 0.000000000000000000e+00 0.000000000000000000e+00 0.000000000000000000e+00 0.000000000000000000e+00 0.000000000000000000e+00
0.000000000000000000e+00 0.000000000000000000e+00 0.000000000000000000e+00 0.000000000000000000e+00 0.000000000000000000e+00 0.000000000000000000e+00 0.000000000000000000e+00 2.791616914979591288e-02 2.791616914979591288e-02 0.000000000000000000e+00 0.000000000000000000e+00 0.000000000000000000e+00 0.000000000000000000e+00 0.000000000000000000e+00 0.000000000000000000e+00 0.000000000000000000e+00 0.000000000000000000e+00 0.000000000000000000e+00
0.000000000000000000e+00 0.000000000000000000e+00 0.000000000000000000e+00 0.000000000000000000e+00 0.000000000000000000e+00 3.070016286601762526e-02 2.930816600790676907e-02 2.791616914979591288e-02 2.791616914979591288e-02 2.791616914979591288e-02 0.000000000000000000e+00 0.000000000000000000e+00 0.000000000000000000e+00 0.000000000000000000e+00 0.000000000000000000e+00 0.000000000000000000e+00 0.000000000000000000e+00 0.000000000000000000e+00
0.000000000000000000e+00 0.000000000000000000e+00 0.000000000000000000e+00 0.000000000000000000e+00 3.070016286601762526e-02 3.070016286601762526e-02 2.930816600790676907e-02 2.930816600790676907e-02 2.791616914979591288e-02 9.469531266702446715e-02 9.469531266702446715e-02 0.000000000000000000e+00 0.000000000000000000e+00 0.000000000000000000e+00 0.000000000000000000e+00 0.000000000000000000e+00 0.000000000000000000e+00 0.000000000000000000e+00
0.000000000000000000e+00 0.000000000000000000e+00 0.000000000000000000e+00 0.000000000000000000e+00 3.070016286601762526e-02 3.070016286601762526e-02 3.070016286601762526e-02 6.370575846956044730e-02 1.072971895756388988e-01 9.469531266702446715e-02 1.205257314567919902e-01 6.597652543583365503e-02 5.237604414233635458e-02 5.237604414233635458e-02 5.237604414233635458e-02 0.000000000000000000e+00 0.000000000000000000e+00 0.000000000000000000e+00
0.000000000000000000e+00 0.000000000000000000e+00 0.000000000000000000e+00 4.834575989680960778e-02 7.152153409569672604e-02 9.565472724646185976e-02 9.957326192771613627e-02 9.957326192771613627e-02 1.288959977040652072e-01 1.210479354166078825e-01 1.072242925208489184e-01 1.062687562219140763e-01 5.237604414233635458e-02 5.237604414233635458e-02 5.237604414233635458e-02 0.000000000000000000e+00 0.000000000000000000e+00 0.000000000000000000e+00
0.000000000000000000e+00 0.000000000000000000e+00 4.834575989680960778e-02 4.834575989680960778e-02 4.834575989680960778e-02 1.173062487066099391e-01 1.274366483253443483e-01 1.196142785536616487e-01 1.164653338360816248e-01 1.022529812959912521e-01 9.483068604482117192e-02 1.102627890210996220e-01 9.471760270032619777e-02 4.864979515345180944e-02 4.864979515345180944e-02 0.000000000000000000e+00 0.000000000000000000e+00 0.000000000000000000e+00
0.000000000000000000e+00 0.000000000000000000e+00 6.193074336783058187e-02 6.193074336783058187e-02 4.834575989680960778e-02 9.651188091794092594e-02 1.395051577229894368e-01 1.419748104360057384e-01 9.973945446378407187e-02 7.773268826432710998e-02 1.070560847269676208e-01 1.245797534893426373e-01 8.100150658169499862e-02 4.492354616456726429e-02 4.492354616456726429e-02 4.492354616456726429e-02 0.000000000000000000e+00 0.000000000000000000e+00
0.000000000000000000e+00 0.000000000000000000e+00 7.551572683885154902e-02 6.193074336783058187e-02 6.193074336783058187e-02 1.350502937257707092e-01 1.832926090505915817e-01 1.799018441917962507e-01 1.081498868581540901e-01 8.126696088237281290e-02 7.245840676733117380e-02 9.461045437231969946e-02 1.125432178980293879e-01 1.632009489538226998e-01 1.632009489538226998e-01 0.000000000000000000e+00 0.000000000000000000e+00 0.000000000000000000e+00
0.000000000000000000e+00 0.000000000000000000e+00 7.551572683885154902e-02 7.551572683885154902e-02 1.610211106791015201e-01 1.803184176112265225e-01 1.702262217790598553e-01 1.505996481937452725e-01 1.048010542923369509e-01 6.558575855948051148e-02 5.876542329484245319e-02 5.002024215167692051e-02 1.116048661199185443e-01 2.814783517430781146e-01 2.814783517430781146e-01 0.000000000000000000e+00 0.000000000000000000e+00 0.000000000000000000e+00
0.000000000000000000e+00 0.000000000000000000e+00 7.551572683885154902e-02 1.247897725298352523e-01 1.247897725298352523e-01 2.027144901700292934e-01 1.331195115374186888e-01 1.195181280203952284e-01 1.468803596645561760e-01 1.440197462956643026e-01 1.091509106229185677e-01 6.303425723103855960e-02 1.092227252072197896e-01 1.895072814837114872e-01 2.814783517430781146e-01 0.000000000000000000e+00 0.000000000000000000e+00 0.000000000000000000e+00
0.000000000000000000e+00 0.000000000000000000e+00 5.232709623130273741e-02 5.232709623130273741e-02 1.494267953753271039e-01 1.525853588571204345e-01 1.121184719064531182e-01 1.305548228461373694e-01 1.539623064736988789e-01 1.855855889590760366e-01 1.684462049652021287e-01 1.109354453826915526e-01 9.753621122434485979e-02 1.895072814837114872e-01 2.814783517430781146e-01 0.000000000000000000e+00 0.000000000000000000e+00 0.000000000000000000e+00
0.000000000000000000e+00 0.000000000000000000e+00 5.232709623130273741e-02 5.232709623130273741e-02 5.232709623130273741e-02 9.888658119587251383e-02 1.344014195515464416e-01 1.247802915875198537e-01 1.365418943410844355e-01 2.193861697233676633e-01 2.451149280680862963e-01 1.585192445584266141e-01 9.753621122434485979e-02 9.753621122434485979e-02 0.000000000000000000e+00 0.000000000000000000e+00 0.000000000000000000e+00 0.000000000000000000e+00
0.000000000000000000e+00 0.000000000000000000e+00 0.000000000000000000e+00 5.232709623130273741e-02 5.232709623130273741e-02 6.887862888345520906e-02 1.252084517135955144e-01 1.689606064599518398e-01 2.891724782716250108e-01 3.231890474292755666e-01 2.401453729061958087e-01 1.926089856789121590e-01 9.753621122434485979e-02 9.753621122434485979e-02 0.000000000000000000e+00 0.000000000000000000e+00 0.000000000000000000e+00 0.000000000000000000e+00
0.000000000000000000e+00 0.000000000000000000e+00 0.000000000000000000e+00 0.000000000000000000e+00 0.000000000000000000e+00 0.000000000000000000e+00 0.000000000000000000e+00 2.171728861989912496e-01 4.254572764054343481e-01 4.472650672658803339e-01 0.000000000000000000e+00 0.000000000000000000e+00 0.000000000000000000e+00 0.000000000000000000e+00 0.000000000000000000e+00 0.000000000000000000e+00 0.000000000000000000e+00 0.000000000000000000e+00
0.000000000000000000e+00 0.000000000000000000e+00 0.000000000000000000e+00 0.000000000000000000e+00 0.000000000000000000e+00 0.000000000000000000e+00 1.347542230321558510e+00 1.347542230321558510e+00 9.906419484667179365e-01 9.906419484667179365e-01 0.000000000000000000e+00 0.000000000000000000e+00 0.000000000000000000e+00 0.000000000000000000e+00 0.000000000000000000e+00 0.000000000000000000e+00 0.000000000000000000e+00 0.000000000000000000e+00
0.000000000000000000e+00 0.000000000000000000e+00 0.000000000000000000e+00 0.000000000000000000e+00 0.000000000000000000e+00 0.000000000000000000e+00 1.347542230321558510e+00 1.347542230321558510e+00 1.347542230321558510e+00 1.244188999259796535e+00 1.244188999259796535e+00 1.140835768198034783e+00 1.140835768198034783e+00 0.000000000000000000e+00 0.000000000000000000e+00 0.000000000000000000e+00 0.000000000000000000e+00 0.000000000000000000e+00
0.000000000000000000e+00 0.000000000000000000e+00 0.000000000000000000e+00 0.000000000000000000e+00 0.000000000000000000e+00 0.000000000000000000e+00 1.145902519009326603e+00 1.145902519009326603e+00 1.145902519009326603e+00 1.144213602072229330e+00 1.140835768198034783e+00 1.140835768198034783e+00 1.140835768198034783e+00 0.000000000000000000e+00 0.000000000000000000e+00 0.000000000000000000e+00 0.000000000000000000e+00 0.000000000000000000e+00
0.000000000000000000e+00 0.000000000000000000e+00 0.000000000000000000e+00 0.000000000000000000e+00 0.000000000000000000e+00 0.000000000000000000e+00 9.442628076970945861e-01 9.442628076970945861e-01 9.442628076970945861e-01 1.042549287947564629e+00 1.140835768198034783e+00 1.140835768198034783e+00 1.140835768198034783e+00 0.000000000000000000e+00 0.000000000000000000e+00 0.000000000000000000e+00 0.000000000000000000e+00 0.000000000000000000e+00
