0.000000000000000000e+00 0.000000000000000000e+00 0.000000000000000000e+00 0.000000000000000000e+00 0.000000000000000000e+00 0.000000000000000000e+00 0.000000000000000000e+00 0.000000000000000000e+00 0.000000000000000000e+00 0.000000000000000000e+00 0.000000000000000000e+00 0.000000000000000000e+00 0.000000000000000000e+00 0.000000000000000000e+00 0.000000000000000000e+00 0.000000000000000000e+00 0.000000000000000000e+00 0.000000000000000000e+00
0.000000000000000000e+00 0.000000000000000000e+00 0.000000000000000000e+00 0.000000000000000000e+00 0.000000000000000000e+00 0.000000000000000000e+00 0.000000000000000000e+00 0.000000000000000000e+00 0.000000000000000000e+00 0.000000000000000000e+00 0.000000000000000000e+00 0.000000000000000000e+00 0.000000000000000000e+00 0.000000000000000000e+00 0.000000000000000000e+00 0.000000000000000000e+00 0.000000000000000000e+00 0.000000000000000000e+00
0.000000000000000000e+00 0.000000000000000000e+00 0.000000000000000000e+00 0.000000000000000000e+00 0.000000000000000000e+00 0.000000000000000000e+00 0.000000000000000000e+00 0.000000000000000000e+00 0.000000000000000000e+00 0.000000000000000000e+00 0.000000000000000000e+00 0.000000000000000000e+00 0.000000000000000000e+00 0.000000000000000000e+00 0.000000000000000000e+00 0.000000000000000000e+00 0.000000000000000000e+00 0.000000000000000000e+00
0.000000000000000000e+00 0.000000000000000000e+00 0.000000000000000000e+00 0.000000000000000000e+00 0.000000000000000000e+00 0.000000000000000000e+00 0.000000000000000000e+00 0.000000000000000000e+00 0.000000000000000000e+00 0.000000000000000000e+00 0.000000000000000000e+00 0.000000000000000000e+00 0.000000000000000000e+00 0.000000000000000000e+00 0.000000000000000000e+00 0.000000000000000000e+00 0.000000000000000000e+00 0.000000000000000000e+00
0.000000000000000000e+00 0.000000000000000000e+00 0.000000000000000000e+00 0.000000000000000000e+00 0.000000000000000000e+00 0.000000000000000000e+00 0.000000000000000000e+00 0.000000000000000000e+00 0.000000000000000000e+00 0.000000000000000000e+00 0.000000000000000000e+00 0.000000000000000000e+00 0.000000000000000000e+00 0.000000000000000000e+00 0.000000000000000000e+00 0.000000000000000000e+00 0.000000000000000000e+00 0.000000000000000000e+00
0.000000000000000000e+00 0.000000000000000000e+00 0.000000000000000000e+00 0.000000000000000000e+00 0.000000000000000000e+00 0.000000000000000000e+00 0.000000000000000000e+00 0.000000000000000000e+00 0.000000000000000000e+00 0.000000000000000000e+00 0.000000000000000000e+00 0.000000000000000000e+00 0.000000000000000000e+00 0.000000000000000000e+00 0.000000000000000000e+00 0.000000000000000000e+00 0.000000000000000000e+00 0.000000000000000000e+00
0.000000000000000000e+00 0.000000000000000000e+00 0.000000000000000000e+00 0.000000000000000000e+00 0.000000000000000000e+00 0.000000000000000000e+00 0.000000000000000000e+00 0.000000000000000000e+00 0.000000000000000000e+00 0.000000000000000000e+00 0.000000000000000000e+00 0.000000000000000000e+00 0.000000000000000000e+00 0.000000000000000000e+00 0.000000000000000000e+00 0.000000000000000000e+00 0.000000000000000000e+00 0.000000000000000000e+00
0.000000000000000000e+00 0.000000000000000000e+00 0.000000000000000000e+00 0.000000000000000000e+00 0.000000000000000000e+00 0.000000000000000000e+00 0.000000000000000000e+00 2.413503677229388369e-02 2.413503677229388369e-02 0.000000000000000000e+00 0.000000000000000000e+00 0.000000000000000000e+00 0.000000000000000000e+00 0.000000000000000000e+00 0.000000000000000000e+00 0.000000000000000000e+00 0.000000000000000000e+00 0.000000000000000000e+00
0.000000000000000000e+00 0.000000000000000000e+00 0.000000000000000000e+00 0.000000000000000000e+00 0.000000000000000000e+00 2.288695043032185072e-02 2.351099360130786547e-02 2.413503677229388369e-02 2.413503677229388369e-02 2.413503677229388369e-02 0.000000000000000000e+00 0.000000000000000000e+00 0.000000000000000000e+00 0.000000000000000000e+00 0.000000000000000000e+00 0.000000000000000000e+00 0.000000000000000000e+00 0.000000000000000000e+00
0.000000000000000000e+00 0.000000000000000000e+00 0.000000000000000000e+00 0.000000000000000000e+00 2.288695043032185072e-02 2.288695043032185072e-02 2.351099360130786547e-02 2.351099360130786547e-02 2.413503677229388369e-02 8.858058916493620483e-02 8.858058916493620483e-02 0.000000000000000000e+00 0.000000000000000000e+00 0.000000000000000000e+00 0.000000000000000000e+00 0.000000000000000000e+00 0.000000000000000000e+00 0.000000000000000000e+00
0.000000000000000000e+00 0.000000000000000000e+00 0.000000000000000000e+00 0.000000000000000000e+00 2.288695043032185072e-02 2.288695043032185072e-02 2.288695043032185072e-02 5.819000579054898342e-02 1.015697361663012027e-01 8.858058916493620483e-02 1.132149951152596756e-01 6.659888279381165344e-02 5.979391691468248504e-02 5.979391691468248504e-02 5.979391691468248504e-02 0.000000000000000000e+00 0.000000000000000000e+00 0.000000000000000000e+00
0.000000000000000000e+00 0.000000000000000000e+00 0.000000000000000000e+00 3.486581420245309787e-02 6.393017971973743996e-02 9.406081925205862782e-02 9.482425170859680452e-02 9.482425170859680452e-02 1.228988669223739921e-01 1.161175607388934272e-01 1.018796567169092254e-01 1.087888031744780881e-01 5.979391691468248504e-02 5.979391691468248504e-02 5.979391691468248504e-02 0.000000000000000000e+00 0.000000000000000000e+00 0.000000000000000000e+00
0.000000000000000000e+00 0.000000000000000000e+00 3.486581420245309787e-02 3.486581420245309787e-02 3.486581420245309787e-02 1.177854421926375489e-01 1.298138905574860169e-01 1.142068179449736293e-01 1.116766662333822657e-01 9.875809149386441388e-02 8.829650785121617718e-02 1.067276385142668926e-01 9.865346018755349888e-02 5.139586831342475570e-02 5.139586831342475570e-02 0.000000000000000000e+00 0.000000000000000000e+00 0.000000000000000000e+00
0.000000000000000000e+00 0.000000000000000000e+00 4.251900883106924517e-02 4.251900883106924517e-02 3.486581420245309787e-02 9.552842619862729479e-02 1.343207295327290829e-01 1.298413696014376895e-01 9.341974066464714399e-02 7.539445476934997226e-02 9.905416139978891199e-02 1.198639134743422346e-01 8.379180827407739507e-02 4.299781971216703330e-02 4.299781971216703330e-02 4.299781971216703330e-02 0.000000000000000000e+00 0.000000000000000000e+00
0.000000000000000000e+00 0.000000000000000000e+00 5.017220345968539247e-02 4.251900883106924517e-02 4.251900883106924517e-02 1.229817632020802354e-01 1.556416639178452299e-01 1.678645362936392882e-01 9.727876814421078377e-02 8.407891323542783513e-02 7.676175725089220969e-02 9.287143271396233746e-02 1.167739707662259901e-01 1.675564755622118984e-01 1.675564755622118984e-01 0.000000000000000000e+00 0.000000000000000000e+00 0.000000000000000000e+00
0.000000000000000000e+00 0.000000000000000000e+00 5.017220345968539247e-02 5.017220345968539247e-02 1.485170667467298200e-01 1.754732576888202722e-01 1.663940749446964629e-01 1.076705242353765968e-01 9.860505891678528201e-02 6.775022478250411484e-02 6.128740602711078150e-02 4.663045352674360239e-02 1.184676013639028302e-01 2.921151314122567566e-01 2.921151314122567566e-01 0.000000000000000000e+00 0.000000000000000000e+00 0.000000000000000000e+00
0.000000000000000000e+00 0.000000000000000000e+00 5.017220345968539247e-02 1.134422475208149567e-01 1.134422475208149567e-01 2.026136059491013830e-01 1.335324525745527624e-01 1.162549611212236461e-01 1.418413004301811997e-01 1.386980658304905745e-01 1.064757599969090585e-01 6.729863373014295658e-02 1.211764946080123861e-01 2.921151314122567566e-01 2.921151314122567566e-01 0.000000000000000000e+00 0.000000000000000000e+00 0.000000000000000000e+00
0.000000000000000000e+00 0.000000000000000000e+00 4.329260906898524386e-02 4.329260906898524386e-02 1.450772695513797284e-01 1.495066069890626792e-01 1.115815350066408501e-01 1.136090435938748311e-01 1.550469914739379118e-01 1.874065162569870102e-01 1.774436272985967789e-01 1.234813647662168501e-01 1.977938259594554937e-01 1.977938259594554937e-01 2.921151314122567566e-01 0.000000000000000000e+00 0.000000000000000000e+00 0.000000000000000000e+00
0.000000000000000000e+00 0.000000000000000000e+00 4.329260906898524386e-02 4.329260906898524386e-02 4.329260906898524386e-02 9.747342892701110761e-02 1.327456907903916128e-01 1.229935392535099203e-01 1.406123949314069255e-01 2.296430130627556410e-01 2.549341652197309460e-01 1.647022396453547699e-01 1.034725205066542170e-01 1.034725205066542170e-01 0.000000000000000000e+00 0.000000000000000000e+00 0.000000000000000000e+00 0.000000000000000000e+00
0.000000000000000000e+00 0.000000000000000000e+00 0.000000000000000000e+00 4.329260906898524386e-02 4.329260906898524386e-02 6.702750245830241260e-02 1.274171085057006769e-01 1.779494267084766046e-01 2.980036311171747609e-01 3.329622011172705398e-01 2.450774971525923329e-01 1.978758382706129471e-01 1.034725205066542170e-01 1.034725205066542170e-01 0.000000000000000000e+00 0.000000000000000000e+00 0.000000000000000000e+00 0.000000000000000000e+00
0.000000000000000000e+00 0.000000000000000000e+00 0.000000000000000000e+00 0.000000000000000000e+00 0.000000000000000000e+00 0.000000000000000000e+00 0.000000000000000000e+00 2.453877034409018276e-01 4.363858284269009902e-01 4.458034944670147270e-01 0.000000000000000000e+00 0.000000000000000000e+00 0.000000000000000000e+00 0.000000000000000000e+00 0.000000000000000000e+00 0.000000000000000000e+00 0.000000000000000000e+00 0.000000000000000000e+00
0.000000000000000000e+00 0.000000000000000000e+00 0.000000000000000000e+00 0.000000000000000000e+00 0.000000000000000000e+00 0.000000000000000000e+00 1.411757171931490751e+00 1.411757171931490751e+00 1.019570562672195368e+00 1.019570562672195368e+00 0.000000000000000000e+00 0.000000000000000000e+00 0.000000000000000000e+00 0.000000000000000000e+00 0.000000000000000000e+00 0.000000000000000000e+00 0.000000000000000000e+00 0.000000000000000000e+00
0.000000000000000000e+00 0.000000000000000000e+00 0.000000000000000000e+00 0.000000000000000000e+00 0.000000000000000000e+00 0.000000000000000000e+00 1.411757171931490751e+00 1.411757171931490751e+00 1.411757171931490751e+00 1.294169755370828234e+00 1.294169755370828234e+00 1.176582338810165496e+00 1.176582338810165496e+00 0.000000000000000000e+00 0.000000000000000000e+00 0.000000000000000000e+00 0.000000000000000000e+00 0.000000000000000000e+00
0.000000000000000000e+00 0.000000000000000000e+00 0.000000000000000000e+00 0.000000000000000000e+00 0.000000000000000000e+00 0.000000000000000000e+00 1.156705187887149267e+00 1.156705187887149267e+00 1.156705187887149267e+00 1.163330904861487936e+00 1.176582338810165496e+00 1.176582338810165496e+00 1.176582338810165496e+00 0.000000000000000000e+00 0.000000000000000000e+00 0.000000000000000000e+00 0.000000000000000000e+00 0.000000000000000000e+00
0.000000000000000000e+00 0.000000000000000000e+00 0.000000000000000000e+00 0.000000000000000000e+00 0.000000000000000000e+00 0.000000000000000000e+00 9.016532038428077822e-01 9.016532038428077822e-01 9.016532038428077822e-01 1.039117771326486750e+00 1.176582338810165496e+00 1.176582338810165496e+00 1.176582338810165496e+00 0.000000000000000000e+00 0.000000000000000000e+00 0.000000000000000000e+00 0.000000000000000000e+00 0.000000000000000000e+00
