0.000000000000000000e+00 0.000000000000000000e+00 0.000000000000000000e+00 0.000000000000000000e+00 0.000000000000000000e+00 0.000000000000000000e+00 0.000000000000000000e+00 0.000000000000000000e+00 0.000000000000000000e+00 0.000000000000000000e+00 0.000000000000000000e+00 0.000000000000000000e+00 0.000000000000000000e+00 0.000000000000000000e+00 0.000000000000000000e+00 0.000000000000000000e+00 0.000000000000000000e+00 0.000000000000000000e+00
0.000000000000000000e+00 0.000000000000000000e+00 0.000000000000000000e+00 0.000000000000000000e+00 0.000000000000000000e+00 0.000000000000000000e+00 0.000000000000000000e+00 0.000000000000000000e+00 0.000000000000000000e+00 0.000000000000000000e+00 0.000000000000000000e+00 0.000000000000000000e+00 0.000000000000000000e+00 0.000000000000000000e+00 0.000000000000000000e+00 0.000000000000000000e+00 0.000000000000000000e+00 0.000000000000000000e+00
0.000000000000000000e+00 0.000000000000000000e+00 0.000000000000000000e+00 0.000000000000000000e+00 0.000000000000000000e+00 0.000000000000000000e+00 0.000000000000000000e+00 0.000000000000000000e+00 0.000000000000000000e+00 0.000000000000000000e+00 0.000000000000000000e+00 0.000000000000000000e+00 0.000000000000000000e+00 0.000000000000000000e+00 0.000000000000000000e+00 0.000000000000000000e+00 0.000000000000000000e+00 0.000000000000000000e+00
0.000000000000000000e+00 0.000000000000000000e+00 0.000000000000000000e+00 0.000000000000000000e+00 0.000000000000000000e+00 0.000000000000000000e+00 0.000000000000000000e+00 0.000000000000000000e+00 0.000000000000000000e+00 0.000000000000000000e+00 0.000000000000000000e+00 0.000000000000000000e+00 0.000000000000000000e+00 0.000000000000000000e+00 0.000000000000000000e+00 0.000000000000000000e+00 0.000000000000000000e+00 0.000000000000000000e+00
0.000000000000000000e+00 0.000000000000000000e+00 0.000000000000000000e+00 0.000000000000000000e+00 0.000000000000000000e+00 0.000000000000000000e+00 0.000000000000000000e+00 0.000000000000000000e+00 0.000000000000000000e+00 0.000000000000000000e+00 0.000000000000000000e+00 0.000000000000000000e+00 0.000000000000000000e+00 0.000000000000000000e+00 0.000000000000000000e+00 0.000000000000000000e+00 0.000000000000000000e+00 0.000000000000000000e+00
0.000000000000000000e+00 0.000000000000000000e+00 0.000000000000000000e+00 0.000000000000000000e+00 0.000000000000000000e+00 0.000000000000000000e+00 0.000000000000000000e+00 0.000000000000000000e+00 0.000000000000000000e+00 0.000000000000000000e+00 0.000000000000000000e+00 0.000000000000000000e+00 0.000000000000000000e+00 0.000000000000000000e+00 0.000000000000000000e+00 0.000000000000000000e+00 0.000000000000000000e+00 0.000000000000000000e+00
0.000000000000000000e+00 0.000000000000000000e+00 0.000000000000000000e+00 0.000000000000000000e+00 0.000000000000000000e+00 0.000000000000000000e+00 0.000000000000000000e+00 0.000000000000000000e+00 0.000000000000000000e+00 0.000000000000000000e+00 0.000000000000000000e+00 0.000000000000000000e+00 0.000000000000000000e+00 0.000000000000000000e+00 0.000000000000000000e+00 0.000000000000000000e+00 0.000000000000000000e+00 0.000000000000000000e+00
0.000000000000000000e+00 0.000000000000000000e+00 0.000000000000000000e+00 0.000000000000000000e+00 0.000000000000000000e+00 0.000000000000000000e+00 0.000000000000000000e+00 4.518987718505174112e-02 4.518987718505174112e-02 0.000000000000000000e+00 0.000000000000000000e+00 0.000000000000000000e+00 0.000000000000000000e+00 0.000000000000000000e+00 0.000000000000000000e+00 0.000000000000000000e+00 0.000000000000000000e+00 0.000000000000000000e+00
0.000000000000000000e+00 0.000000000000000000e+00 0.000000000000000000e+00 0.000000000000000000e+00 0.000000000000000000e+00 4.430646115410252078e-02 4.474816916957713442e-02 4.518987718505174112e-02 4.518987718505174112e-02 4.518987718505174112e-02 0.000000000000000000e+00 0.000000000000000000e+00 0.000000000000000000e+00 0.000000000000000000e+00 0.000000000000000000e+00 0.000000000000000000e+00 0.000000000000000000e+00 0.000000000000000000e+00
0.000000000000000000e+00 0.000000000000000000e+00 0.000000000000000000e+00 0.000000000000000000e+00 4.430646115410252078e-02 4.430646115410252078e-02 4.474816916957713442e-02 4.474816916957713442e-02 4.518987718505174112e-02 1.074039151221366228e-01 1.074039151221366228e-01 0.000000000000000000e+00 0.000000000000000000e+00 0.000000000000000000e+00 0.000000000000000000e+00 0.000000000000000000e+00 0.000000000000000000e+00 0.000000000000000000e+00
0.000000000000000000e+00 0.000000000000000000e+00 0.000000000000000000e+00 0.000000000000000000e+00 4.430646115410252078e-02 4.430646115410252078e-02 4.430646115410252078e-02 8.032207327793093599e-02 1.220925705796372523e-01 1.074039151221366228e-01 1.307125779678422473e-01 6.537794353238203515e-02 3.894868418830107343e-02 3.894868418830107343e-02 3.894868418830107343e-02 0.000000000000000000e+00 0.000000000000000000e+00 0.000000000000000000e+00
0.000000000000000000e+00 0.000000000000000000e+00 0.000000000000000000e+00 8.384658609627439196e-02 8.907566446950915262e-02 9.772580851330107954e-02 1.116167629356305396e-01 1.116167629356305396e-01 1.411898467461125684e-01 1.241091037558677002e-01 1.133418034627328014e-01 1.012322696861248233e-01 3.894868418830107343e-02 3.894868418830107343e-02 3.894868418830107343e-02 0.000000000000000000e+00 0.000000000000000000e+00 0.000000000000000000e+00
0.000000000000000000e+00 0.000000000000000000e+00 8.384658609627439196e-02 8.384658609627439196e-02 8.384658609627439196e-02 1.155322576330339301e-01 1.170654541700050510e-01 1.295206628062356979e-01 1.237158889198228945e-01 1.060251214543475040e-01 1.071940328860113145e-01 1.186117480185953227e-01 8.672528733012359325e-02 4.361746999838019695e-02 4.361746999838019695e-02 0.000000000000000000e+00 0.000000000000000000e+00 0.000000000000000000e+00
0.000000000000000000e+00 0.000000000000000000e+00 1.078723737847178399e-01 1.078723737847178399e-01 8.384658609627439196e-02 9.549296876807079892e-02 1.410779713601064134e-01 1.594756254453336686e-01 1.390455502835123702e-01 8.017758691447113284e-02 1.211154080791359694e-01 1.348735672568389388e-01 7.812195371518014519e-02 4.828625580845932047e-02 4.828625580845932047e-02 4.828625580845932047e-02 0.000000000000000000e+00 0.000000000000000000e+00
0.000000000000000000e+00 0.000000000000000000e+00 1.318981614731612739e-01 1.078723737847178399e-01 1.078723737847178399e-01 1.578708494851573385e-01 1.943545539009203238e-01 1.999801176232001154e-01 1.254070794590569082e-01 8.038637225798581087e-02 7.019809935061552264e-02 9.790158200886923956e-02 1.048395984202287606e-01 1.506900559586077937e-01 1.506900559586077937e-01 0.000000000000000000e+00 0.000000000000000000e+00 0.000000000000000000e+00
0.000000000000000000e+00 0.000000000000000000e+00 1.318981614731612739e-01 1.318981614731612739e-01 1.860409726360757188e-01 1.888123635920706533e-01 1.694682647615774473e-01 1.521927084999170898e-01 1.142829634459654464e-01 7.012445191070047767e-02 6.494636402650966200e-02 6.418779803451479804e-02 1.030476856036760536e-01 2.530938561087562877e-01 2.530938561087562877e-01 0.000000000000000000e+00 0.000000000000000000e+00 0.000000000000000000e+00
0.000000000000000000e+00 0.000000000000000000e+00 0.000000000000000000e+00 1.485363837071383697e-01 1.485363837071383697e-01 2.038610128510723318e-01 1.313158704618392902e-01 1.186501992792709653e-01 1.517042900280883289e-01 1.549715789506013464e-01 1.300401271367465361e-01 7.527798034007031347e-02 1.044228960169412551e-01 1.655441234663562189e-01 2.530938561087562877e-01 0.000000000000000000e+00 0.000000000000000000e+00 0.000000000000000000e+00
0.000000000000000000e+00 0.000000000000000000e+00 7.352720584926365766e-02 7.352720584926365766e-02 1.568554948241269176e-01 1.604164105171360932e-01 1.098710240949897221e-01 1.337155404260836622e-01 1.520239971692614878e-01 1.799810190303003377e-01 1.665878158522019759e-01 1.064563629598088285e-01 7.799439082395613621e-02 1.655441234663562189e-01 2.530938561087562877e-01 0.000000000000000000e+00 0.000000000000000000e+00 0.000000000000000000e+00
0.000000000000000000e+00 0.000000000000000000e+00 7.352720584926365766e-02 7.352720584926365766e-02 7.352720584926365766e-02 1.035129713034564358e-01 1.351649384948105936e-01 1.311766840510005805e-01 1.331058425993127958e-01 1.961046251261166495e-01 2.216060952267258910e-01 1.378381345515875267e-01 7.799439082395613621e-02 7.799439082395613621e-02 0.000000000000000000e+00 0.000000000000000000e+00 0.000000000000000000e+00 0.000000000000000000e+00
0.000000000000000000e+00 0.000000000000000000e+00 0.000000000000000000e+00 7.352720584926365766e-02 7.150033600360741759e-02 7.150033600360741759e-02 1.177888627927884402e-01 1.592447859242562824e-01 2.657460600348569568e-01 2.913073751311258119e-01 2.223516294663985815e-01 1.742325499189177618e-01 7.799439082395613621e-02 7.799439082395613621e-02 0.000000000000000000e+00 0.000000000000000000e+00 0.000000000000000000e+00 0.000000000000000000e+00
0.000000000000000000e+00 0.000000000000000000e+00 0.000000000000000000e+00 0.000000000000000000e+00 0.000000000000000000e+00 0.000000000000000000e+00 0.000000000000000000e+00 1.668539780766404024e-01 6.593022100227684534e-01 6.045868940855400053e-01 0.000000000000000000e+00 0.000000000000000000e+00 0.000000000000000000e+00 0.000000000000000000e+00 0.000000000000000000e+00 0.000000000000000000e+00 0.000000000000000000e+00 0.000000000000000000e+00
0.000000000000000000e+00 0.000000000000000000e+00 0.000000000000000000e+00 0.000000000000000000e+00 0.000000000000000000e+00 0.000000000000000000e+00 1.206465757906124869e+00 1.206465757906124869e+00 9.055263259958323818e-01 9.055263259958323818e-01 0.000000000000000000e+00 0.000000000000000000e+00 0.000000000000000000e+00 0.000000000000000000e+00 0.000000000000000000e+00 0.000000000000000000e+00 0.000000000000000000e+00 0.000000000000000000e+00
0.000000000000000000e+00 0.000000000000000000e+00 0.000000000000000000e+00 0.000000000000000000e+00 0.000000000000000000e+00 0.000000000000000000e+00 1.206465757906124869e+00 1.116142547535162732e+00 1.116142547535162732e+00 1.097031621053001116e+00 1.058809768088678105e+00 1.058809768088678105e+00 0.000000000000000000e+00 0.000000000000000000e+00 0.000000000000000000e+00 0.000000000000000000e+00 0.000000000000000000e+00 0.000000000000000000e+00
0.000000000000000000e+00 0.000000000000000000e+00 0.000000000000000000e+00 0.000000000000000000e+00 0.000000000000000000e+00 0.000000000000000000e+00 1.025819337164200595e+00 1.025819337164200595e+00 1.025819337164200595e+00 1.042314552626439461e+00 1.058809768088678105e+00 1.058809768088678105e+00 1.058809768088678105e+00 0.000000000000000000e+00 0.000000000000000000e+00 0.000000000000000000e+00 0.000000000000000000e+00 0.000000000000000000e+00
0.000000000000000000e+00 0.000000000000000000e+00 0.000000000000000000e+00 0.000000000000000000e+00 0.000000000000000000e+00 0.000000000000000000e+00 1.025819337164200595e+00 1.025819337164200595e+00 1.025819337164200595e+00 1.042314552626439461e+00 1.058809768088678105e+00 1.058809768088678105e+00 1.058809768088678105e+00 0.000000000000000000e+00 0.000000000000000000e+00 0.000000000000000000e+00 0.000000000000000000e+00 0.000000000000000000e+00
