0.000000000000000000e+00 0.000000000000000000e+00 0.000000000000000000e+00 0.000000000000000000e+00 0.000000000000000000e+00 0.000000000000000000e+00 0.000000000000000000e+00 0.000000000000000000e+00 0.000000000000000000e+00 0.000000000000000000e+00 0.000000000000000000e+00 0.000000000000000000e+00 0.000000000000000000e+00 0.000000000000000000e+00 0.000000000000000000e+00 0.000000000000000000e+00 0.000000000000000000e+00 0.000000000000000000e+00
0.000000000000000000e+00 0.000000000000000000e+00 0.000000000000000000e+00 0.000000000000000000e+00 0.000000000000000000e+00 0.000000000000000000e+00 0.000000000000000000e+00 0.000000000000000000e+00 0.000000000000000000e+00 0.000000000000000000e+00 0.000000000000000000e+00 0.000000000000000000e+00 0.000000000000000000e+00 0.000000000000000000e+00 0.000000000000000000e+00 0.000000000000000000e+00 0.000000000000000000e+00 0.000000000000000000e+00
0.000000000000000000e+00 0.000000000000000000e+00 0.000000000000000000e+00 0.000000000000000000e+00 0.000000000000000000e+00 0.000000000000000000e+00 0.000000000000000000e+00 0.000000000000000000e+00 0.000000000000000000e+00 0.000000000000000000e+00 0.000000000000000000e+00 0.000000000000000000e+00 0.000000000000000000e+00 0.000000000000000000e+00 0.000000000000000000e+00 0.000000000000000000e+00 0.000000000000000000e+00 0.000000000000000000e+00
0.000000000000000000e+00 0.000000000000000000e+00 0.000000000000000000e+00 0.000000000000000000e+00 0.000000000000000000e+00 0.000000000000000000e+00 0.000000000000000000e+00 0.000000000000000000e+00 0.000000000000000000e+00 0.000000000000000000e+00 0.000000000000000000e+00 0.000000000000000000e+00 0.000000000000000000e+00 0.000000000000000000e+00 0.000000000000000000e+00 0.000000000000000000e+00 0.000000000000000000e+00 0.000000000000000000e+00
0.000000000000000000e+00 0.000000000000000000e+00 0.000000000000000000e+00 0.000000000000000000e+00 0.000000000000000000e+00 0.000000000000000000e+00 0.000000000000000000e+00 0.000000000000000000e+00 0.000000000000000000e+00 0.000000000000000000e+00 0.000000000000000000e+00 0.000000000000000000e+00 0.000000000000000000e+00 0.000000000000000000e+00 0.000000000000000000e+00 0.000000000000000000e+00 0.000000000000000000e+00 0.000000000000000000e+00
0.000000000000000000e+00 0.000000000000000000e+00 0.000000000000000000e+00 0.000000000000000000e+00 0.000000000000000000e+00 0.000000000000000000e+00 0.000000000000000000e+00 0.000000000000000000e+00 0.000000000000000000e+00 0.000000000000000000e+00 0.000000000000000000e+00 0.000000000000000000e+00 0.000000000000000000e+00 0.000000000000000000e+00 0.000000000000000000e+00 0.000000000000000000e+00 0.000000000000000000e+00 0.000000000000000000e+00
0.000000000000000000e+00 0.000000000000000000e+00 0.000000000000000000e+00 0.000000000000000000e+00 0.000000000000000000e+00 0.000000000000000000e+00 0.000000000000000000e+00 0.000000000000000000e+00 0.000000000000000000e+00 0.000000000000000000e+00 0.000000000000000000e+00 0.000000000000000000e+00 0.000000000000000000e+00 0.000000000000000000e+00 0.000000000000000000e+00 0.000000000000000000e+00 0.000000000000000000e+00 0.000000000000000000e+00
0.000000000000000000e+00 0.000000000000000000e+00 0.000000000000000000e+00 0.000000000000000000e+00 0.000000000000000000e+00 0.000000000000000000e+00 0.000000000000000000e+00 4.787026739010138976e-02 4.787026739010138976e-02 0.000000000000000000e+00 0.000000000000000000e+00 0.000000000000000000e+00 0.000000000000000000e+00 0.000000000000000000e+00 0.000000000000000000e+00 0.000000000000000000e+00 0.000000000000000000e+00 0.000000000000000000e+00
0.000000000000000000e+00 0.000000000000000000e+00 0.000000000000000000e+00 0.000000000000000000e+00 0.000000000000000000e+00 4.905163096167128312e-02 4.846094917588633644e-02 4.787026739010138976e-02 4.787026739010138976e-02 4.787026739010138976e-02 0.000000000000000000e+00 0.000000000000000000e+00 0.000000000000000000e+00 0.000000000000000000e+00 0.000000000000000000e+00 0.000000000000000000e+00 0.000000000000000000e+00 0.000000000000000000e+00
0.000000000000000000e+00 0.000000000000000000e+00 0.000000000000000000e+00 0.000000000000000000e+00 4.905163096167128312e-02 4.905163096167128312e-02 4.846094917588633644e-02 4.846094917588633644e-02 4.787026739010138976e-02 1.100195762500209701e-01 1.100195762500209701e-01 0.000000000000000000e+00 0.000000000000000000e+00 0.000000000000000000e+00 0.000000000000000000e+00 0.000000000000000000e+00 0.000000000000000000e+00 0.000000000000000000e+00
0.000000000000000000e+00 0.000000000000000000e+00 0.000000000000000000e+00 0.000000000000000000e+00 4.905163096167128312e-02 4.905163096167128312e-02 4.905163096167128312e-02 8.604075943803457527e-02 1.270798441541243218e-01 1.100195762500209701e-01 1.344993163026108052e-01 6.499092952095381071e-02 3.315211154662658921e-02 3.315211154662658921e-02 3.315211154662658921e-02 0.000000000000000000e+00 0.000000000000000000e+00 0.000000000000000000e+00
0.000000000000000000e+00 0.000000000000000000e+00 0.000000000000000000e+00 1.026952408829152341e-01 9.710259681429382617e-02 9.687117768780950655e-02 1.166043098407657519e-01 1.166043098407657519e-01 1.458897710036329565e-01 1.256747270323516907e-01 1.160597338533281425e-01 9.750087564852745470e-02 3.315211154662658921e-02 3.315211154662658921e-02 3.315211154662658921e-02 0.000000000000000000e+00 0.000000000000000000e+00 0.000000000000000000e+00
0.000000000000000000e+00 0.000000000000000000e+00 1.026952408829152341e-01 1.026952408829152341e-01 1.026952408829152341e-01 1.128110265965222431e-01 1.118797785462072314e-01 1.361359835404105378e-01 1.286015187106537838e-01 1.073031399846825773e-01 1.139469566740581724e-01 1.220609216917425133e-01 8.170197165433411290e-02 4.129257352966378414e-02 4.129257352966378414e-02 0.000000000000000000e+00 0.000000000000000000e+00 0.000000000000000000e+00
0.000000000000000000e+00 0.000000000000000000e+00 1.265980357227037834e-01 1.265980357227037834e-01 1.026952408829152341e-01 9.474658290573904906e-02 1.403662668889941179e-01 1.698112145764470449e-01 1.466251383275160580e-01 8.068103033567107507e-02 1.342289675796910497e-01 1.405824329106366843e-01 7.873631916927521790e-02 4.943303551270097212e-02 4.943303551270097212e-02 4.943303551270097212e-02 0.000000000000000000e+00 0.000000000000000000e+00
0.000000000000000000e+00 0.000000000000000000e+00 1.505008305624923326e-01 1.265980357227037834e-01 1.265980357227037834e-01 1.660154827140416511e-01 1.976966047831084095e-01 2.002866933351600820e-01 1.324656394426062256e-01 6.391761836090517623e-02 7.978587854100629984e-02 1.020339519587420835e-01 1.044440654714174771e-01 1.445385211614012566e-01 1.445385211614012566e-01 0.000000000000000000e+00 0.000000000000000000e+00 0.000000000000000000e+00
0.000000000000000000e+00 0.000000000000000000e+00 1.505008305624923326e-01 1.505008305624923326e-01 1.917258687038451148e-01 1.895696566868209365e-01 1.650791995890677766e-01 1.489726696407410733e-01 1.151594147873477164e-01 8.205976054994254532e-02 8.150885309633490450e-02 7.429575173082247908e-02 1.025275606073056539e-01 2.396440068101015342e-01 2.396440068101015342e-01 0.000000000000000000e+00 0.000000000000000000e+00 0.000000000000000000e+00
0.000000000000000000e+00 0.000000000000000000e+00 0.000000000000000000e+00 1.560677374403699746e-01 1.560677374403699746e-01 1.995605002120180993e-01 1.289119360026905470e-01 1.160348112496933787e-01 1.513599439169766026e-01 1.589814956862411754e-01 1.442882740598303570e-01 8.490291026020704845e-02 1.060767669175694400e-01 1.518456762893405920e-01 2.396440068101015342e-01 0.000000000000000000e+00 0.000000000000000000e+00 0.000000000000000000e+00
0.000000000000000000e+00 0.000000000000000000e+00 8.475147491341973593e-02 8.475147491341973593e-02 1.588511908793088234e-01 1.612908251124852976e-01 1.151222527990487243e-01 1.325654089099754518e-01 1.496192057648477458e-01 1.770690812579427120e-01 1.690836422641117942e-01 1.084027793019394226e-01 6.404734576857962214e-02 1.518456762893405920e-01 0.000000000000000000e+00 0.000000000000000000e+00 0.000000000000000000e+00 0.000000000000000000e+00
0.000000000000000000e+00 0.000000000000000000e+00 8.475147491341973593e-02 8.475147491341973593e-02 8.475147491341973593e-02 1.037105391624738443e-01 1.322512640456462163e-01 1.365442419263016849e-01 1.324878335502316651e-01 1.836004768418376676e-01 2.084981270549969568e-01 1.241380718672936145e-01 6.404734576857962214e-02 6.404734576857962214e-02 0.000000000000000000e+00 0.000000000000000000e+00 0.000000000000000000e+00 0.000000000000000000e+00
0.000000000000000000e+00 0.000000000000000000e+00 0.000000000000000000e+00 8.475147491341973593e-02 7.248076195429165036e-02 7.248076195429165036e-02 1.122985841601246426e-01 1.573143653964283739e-01 2.552848531696531587e-01 2.744943730414072247e-01 2.109107715075889122e-01 1.619562962612524915e-01 6.404734576857962214e-02 6.404734576857962214e-02 0.000000000000000000e+00 0.000000000000000000e+00 0.000000000000000000e+00 0.000000000000000000e+00
0.000000000000000000e+00 0.000000000000000000e+00 0.000000000000000000e+00 0.000000000000000000e+00 0.000000000000000000e+00 0.000000000000000000e+00 0.000000000000000000e+00 1.468013113020452676e-01 6.251401692449322089e-01 8.643095982163756519e-01 0.000000000000000000e+00 0.000000000000000000e+00 0.000000000000000000e+00 0.000000000000000000e+00 0.000000000000000000e+00 0.000000000000000000e+00 0.000000000000000000e+00 0.000000000000000000e+00
0.000000000000000000e+00 0.000000000000000000e+00 0.000000000000000000e+00 0.000000000000000000e+00 0.000000000000000000e+00 0.000000000000000000e+00 0.000000000000000000e+00 0.000000000000000000e+00 1.144616092845107680e+00 8.643095982163756519e-01 0.000000000000000000e+00 0.000000000000000000e+00 0.000000000000000000e+00 0.000000000000000000e+00 0.000000000000000000e+00 0.000000000000000000e+00 0.000000000000000000e+00 0.000000000000000000e+00
0.000000000000000000e+00 0.000000000000000000e+00 0.000000000000000000e+00 0.000000000000000000e+00 0.000000000000000000e+00 0.000000000000000000e+00 0.000000000000000000e+00 1.092799115630278095e+00 1.092799115630278095e+00 1.067395732290183696e+00 1.016588965609995343e+00 1.016588965609995343e+00 0.000000000000000000e+00 0.000000000000000000e+00 0.000000000000000000e+00 0.000000000000000000e+00 0.000000000000000000e+00 0.000000000000000000e+00
0.000000000000000000e+00 0.000000000000000000e+00 0.000000000000000000e+00 0.000000000000000000e+00 0.000000000000000000e+00 0.000000000000000000e+00 1.040982138415448288e+00 1.040982138415448288e+00 1.040982138415448288e+00 1.028785552012721816e+00 1.016588965609995343e+00 1.016588965609995343e+00 1.016588965609995343e+00 0.000000000000000000e+00 0.000000000000000000e+00 0.000000000000000000e+00 0.000000000000000000e+00 0.000000000000000000e+00
0.000000000000000000e+00 0.000000000000000000e+00 0.000000000000000000e+00 0.000000000000000000e+00 0.000000000000000000e+00 0.000000000000000000e+00 1.040982138415448288e+00 1.040982138415448288e+00 1.040982138415448288e+00 1.028785552012721816e+00 1.016588965609995343e+00 1.016588965609995343e+00 1.016588965609995343e+00 0.000000000000000000e+00 0.000000000000000000e+00 0.000000000000000000e+00 0.000000000000000000e+00 0.000000000000000000e+00
