0.000000000000000000e+00 0.000000000000000000e+00 0.000000000000000000e+00 0.000000000000000000e+00 0.000000000000000000e+00 0.000000000000000000e+00 0.000000000000000000e+00 0.000000000000000000e+00 0.000000000000000000e+00 0.000000000000000000e+00 0.000000000000000000e+00 0.000000000000000000e+00 0.000000000000000000e+00 0.000000000000000000e+00 0.000000000000000000e+00 0.000000000000000000e+00 0.000000000000000000e+00 0.000000000000000000e+00
0.000000000000000000e+00 0.000000000000000000e+00 0.000000000000000000e+00 0.000000000000000000e+00 0.000000000000000000e+00 0.000000000000000000e+00 0.000000000000000000e+00 0.000000000000000000e+00 0.000000000000000000e+00 0.000000000000000000e+00 0.000000000000000000e+00 0.000000000000000000e+00 0.000000000000000000e+00 0.000000000000000000e+00 0.000000000000000000e+00 0.000000000000000000e+00 0.000000000000000000e+00 0.000000000000000000e+00
0.000000000000000000e+00 0.000000000000000000e+00 0.000000000000000000e+00 0.000000000000000000e+00 0.000000000000000000e+00 0.000000000000000000e+00 0.000000000000000000e+00 0.000000000000000000e+00 0.000000000000000000e+00 0.000000000000000000e+00 0.000000000000000000e+00 0.000000000000000000e+00 0.000000000000000000e+00 0.000000000000000000e+00 0.000000000000000000e+00 0.000000000000000000e+00 0.000000000000000000e+00 0.000000000000000000e+00
0.000000000000000000e+00 0.000000000000000000e+00 0.000000000000000000e+00 0.000000000000000000e+00 0.000000000000000000e+00 0.000000000000000000e+00 0.000000000000000000e+00 0.000000000000000000e+00 0.000000000000000000e+00 0.000000000000000000e+00 0.000000000000000000e+00 0.000000000000000000e+00 0.000000000000000000e+00 0.000000000000000000e+00 0.000000000000000000e+00 0.000000000000000000e+00 0.000000000000000000e+00 0.000000000000000000e+00
0.000000000000000000e+00 0.000000000000000000e+00 0.000000000000000000e+00 0.000000000000000000e+00 0.000000000000000000e+00 0.000000000000000000e+00 0.000000000000000000e+00 0.000000000000000000e+00 0.000000000000000000e+00 0.000000000000000000e+00 0.000000000000000000e+00 0.000000000000000000e+00 0.000000000000000000e+00 0.000000000000000000e+00 0.000000000000000000e+00 0.000000000000000000e+00 0.000000000000000000e+00 0.000000000000000000e+00
0.000000000000000000e+00 0.000000000000000000e+00 0.000000000000000000e+00 0.000000000000000000e+00 0.000000000000000000e+00 0.000000000000000000e+00 0.000000000000000000e+00 0.000000000000000000e+00 0.000000000000000000e+00 0.000000000000000000e+00 0.000000000000000000e+00 0.000000000000000000e+00 0.000000000000000000e+00 0.000000000000000000e+00 0.000000000000000000e+00 0.000000000000000000e+00 0.000000000000000000e+00 0.000000000000000000e+00
0.000000000000000000e+00 0.000000000000000000e+00 0.000000000000000000e+00 0.000000000000000000e+00 0.000000000000000000e+00 0.000000000000000000e+00 0.000000000000000000e+00 0.000000000000000000e+00 0.000000000000000000e+00 0.000000000000000000e+00 0.000000000000000000e+00 0.000000000000000000e+00 0.000000000000000000e+00 0.000000000000000000e+00 0.000000000000000000e+00 0.000000000000000000e+00 0.000000000000000000e+00 0.000000000000000000e+00
0.000000000000000000e+00 0.000000000000000000e+00 0.000000000000000000e+00 0.000000000000000000e+00 0.000000000000000000e+00 0.000000000000000000e+00 0.000000000000000000e+00 4.615260014343669503e-02 4.615260014343669503e-02 0.000000000000000000e+00 0.000000000000000000e+00 0.000000000000000000e+00 0.000000000000000000e+00 0.000000000000000000e+00 0.000000000000000000e+00 0.000000000000000000e+00 0.000000000000000000e+00 0.000000000000000000e+00
0.000000000000000000e+00 0.000000000000000000e+00 0.000000000000000000e+00 0.000000000000000000e+00 0.000000000000000000e+00 6.200806399171009120e-02 5.408033206757339312e-02 4.615260014343669503e-02 4.615260014343669503e-02 4.615260014343669503e-02 0.000000000000000000e+00 0.000000000000000000e+00 0.000000000000000000e+00 0.000000000000000000e+00 0.000000000000000000e+00 0.000000000000000000e+00 0.000000000000000000e+00 0.000000000000000000e+00
0.000000000000000000e+00 0.000000000000000000e+00 0.000000000000000000e+00 0.000000000000000000e+00 6.200806399171009120e-02 6.200806399171009120e-02 5.408033206757339312e-02 5.408033206757339312e-02 4.615260014343669503e-02 1.058759453004270712e-01 1.058759453004270712e-01 0.000000000000000000e+00 0.000000000000000000e+00 0.000000000000000000e+00 0.000000000000000000e+00 0.000000000000000000e+00 0.000000000000000000e+00 0.000000000000000000e+00
0.000000000000000000e+00 0.000000000000000000e+00 0.000000000000000000e+00 0.000000000000000000e+00 6.200806399171009120e-02 6.200806399171009120e-02 6.200806399171009120e-02 9.519415930036607965e-02 1.297245681222685409e-01 1.058759453004270712e-01 1.361775725489035582e-01 6.736452805089415685e-02 2.797320146139863420e-02 2.797320146139863420e-02 2.797320146139863420e-02 0.000000000000000000e+00 0.000000000000000000e+00 0.000000000000000000e+00
0.000000000000000000e+00 0.000000000000000000e+00 0.000000000000000000e+00 1.390885509306933610e-01 1.103614515762981613e-01 9.227437758659767786e-02 1.231392058547175344e-01 1.231392058547175344e-01 1.476583853890831854e-01 1.248906923765285837e-01 1.188457464644822742e-01 9.012475782963728921e-02 2.797320146139863420e-02 2.797320146139863420e-02 2.797320146139863420e-02 0.000000000000000000e+00 0.000000000000000000e+00 0.000000000000000000e+00
0.000000000000000000e+00 0.000000000000000000e+00 1.390885509306933610e-01 1.390885509306933610e-01 1.390885509306933610e-01 1.023631487848935401e-01 9.954858718917622418e-02 1.344007517262900131e-01 1.334088412462911821e-01 1.085563723011600673e-01 1.290120356151769898e-01 1.272984742112794332e-01 7.433179749997664842e-02 4.367508755640319568e-02 4.367508755640319568e-02 0.000000000000000000e+00 0.000000000000000000e+00 0.000000000000000000e+00
0.000000000000000000e+00 0.000000000000000000e+00 1.563119249667592192e-01 1.390885509306933610e-01 1.390885509306933610e-01 8.634791974799399528e-02 1.633478262008052906e-01 1.821056397507345992e-01 1.438710658007662513e-01 8.255756901957821137e-02 1.405033156159151975e-01 1.478817300086807118e-01 8.466858975387543673e-02 5.937697365140775368e-02 5.937697365140775368e-02 5.937697365140775368e-02 0.000000000000000000e+00 0.000000000000000000e+00
0.000000000000000000e+00 0.000000000000000000e+00 1.563119249667592192e-01 1.563119249667592192e-01 1.563119249667592192e-01 1.708353336024465707e-01 1.946814938466325251e-01 1.904527019305041202e-01 1.361836995380802662e-01 7.843806370649382409e-02 9.411063209686813813e-02 1.085310396456967835e-01 1.091913198888806863e-01 1.342951907217735108e-01 1.342951907217735108e-01 0.000000000000000000e+00 0.000000000000000000e+00 0.000000000000000000e+00
0.000000000000000000e+00 0.000000000000000000e+00 1.735352990028251052e-01 1.735352990028251052e-01 1.900237782541409071e-01 1.853032477628924202e-01 1.655058664172441296e-01 1.370066705677546182e-01 1.100566126267152472e-01 9.998788370911247669e-02 1.140528836714529565e-01 9.348641505698446208e-02 1.027336306915060254e-01 2.092134077921392610e-01 2.092134077921392610e-01 0.000000000000000000e+00 0.000000000000000000e+00 0.000000000000000000e+00
0.000000000000000000e+00 0.000000000000000000e+00 0.000000000000000000e+00 1.624387343020020635e-01 1.624387343020020635e-01 1.440810991486214110e-01 1.233555192688374352e-01 1.208894589489851595e-01 1.512319791167871241e-01 1.587121192503478384e-01 1.671788260696362438e-01 1.003807278120462665e-01 1.073161395379374494e-01 1.232782062459074068e-01 2.092134077921392610e-01 0.000000000000000000e+00 0.000000000000000000e+00 0.000000000000000000e+00
0.000000000000000000e+00 0.000000000000000000e+00 1.072686463977243626e-01 1.072686463977243626e-01 1.538517416941570237e-01 1.538517416941570237e-01 1.049084959224377417e-01 1.375375558106087248e-01 1.446034421908298229e-01 1.698399762515980793e-01 1.702720525226176784e-01 1.109531415901133800e-01 3.734300469967553882e-02 1.232782062459074068e-01 0.000000000000000000e+00 0.000000000000000000e+00 0.000000000000000000e+00 0.000000000000000000e+00
0.000000000000000000e+00 0.000000000000000000e+00 1.072686463977243626e-01 1.072686463977243626e-01 1.072686463977243626e-01 9.922357225173994433e-02 1.211071663256058917e-01 1.408912923541236206e-01 1.325303680843887555e-01 1.639680192452917795e-01 1.855195722994388008e-01 9.507759258484452247e-02 3.734300469967553882e-02 3.734300469967553882e-02 0.000000000000000000e+00 0.000000000000000000e+00 0.000000000000000000e+00 0.000000000000000000e+00
0.000000000000000000e+00 0.000000000000000000e+00 0.000000000000000000e+00 1.072686463977243626e-01 7.494819778796490972e-02 7.494819778796490972e-02 1.007889099775818031e-01 1.547119043249840786e-01 2.321808061854175043e-01 2.836837727975817236e-01 1.901629581595413176e-01 1.392229736729193867e-01 3.734300469967553882e-02 3.734300469967553882e-02 0.000000000000000000e+00 0.000000000000000000e+00 0.000000000000000000e+00 0.000000000000000000e+00
0.000000000000000000e+00 0.000000000000000000e+00 0.000000000000000000e+00 0.000000000000000000e+00 0.000000000000000000e+00 0.000000000000000000e+00 0.000000000000000000e+00 1.154512884293630859e-01 5.625012702059090097e-01 7.860262610941819439e-01 0.000000000000000000e+00 0.000000000000000000e+00 0.000000000000000000e+00 0.000000000000000000e+00 0.000000000000000000e+00 0.000000000000000000e+00 0.000000000000000000e+00 0.000000000000000000e+00
0.000000000000000000e+00 0.000000000000000000e+00 0.000000000000000000e+00 0.000000000000000000e+00 0.000000000000000000e+00 0.000000000000000000e+00 0.000000000000000000e+00 0.000000000000000000e+00 1.046594626634400393e+00 1.046594626634400393e+00 0.000000000000000000e+00 0.000000000000000000e+00 0.000000000000000000e+00 0.000000000000000000e+00 0.000000000000000000e+00 0.000000000000000000e+00 0.000000000000000000e+00 0.000000000000000000e+00
0.000000000000000000e+00 0.000000000000000000e+00 0.000000000000000000e+00 0.000000000000000000e+00 0.000000000000000000e+00 0.000000000000000000e+00 1.013273716722189910e+00 1.013273716722189910e+00 1.029934171678295041e+00 9.991199922175296733e-01 9.374916332959989385e-01 9.374916332959989385e-01 0.000000000000000000e+00 0.000000000000000000e+00 0.000000000000000000e+00 0.000000000000000000e+00 0.000000000000000000e+00 0.000000000000000000e+00
0.000000000000000000e+00 0.000000000000000000e+00 0.000000000000000000e+00 0.000000000000000000e+00 0.000000000000000000e+00 0.000000000000000000e+00 1.013273716722189910e+00 1.013273716722189910e+00 1.013273716722189910e+00 9.753826750090943687e-01 9.374916332959989385e-01 9.374916332959989385e-01 9.374916332959989385e-01 0.000000000000000000e+00 0.000000000000000000e+00 0.000000000000000000e+00 0.000000000000000000e+00 0.000000000000000000e+00
0.000000000000000000e+00 0.000000000000000000e+00 0.000000000000000000e+00 0.000000000000000000e+00 0.000000000000000000e+00 0.000000000000000000e+00 1.013273716722189910e+00 1.013273716722189910e+00 1.013273716722189910e+00 9.753826750090943687e-01 9.374916332959989385e-01 9.374916332959989385e-01 9.374916332959989385e-01 0.000000000000000000e+00 0.000000000000000000e+00 0.000000000000000000e+00 0.000000000000000000e+00 0.000000000000000000e+00
