0.000000000000000000e+00 0.000000000000000000e+00 0.000000000000000000e+00 0.000000000000000000e+00 0.000000000000000000e+00 0.000000000000000000e+00 0.000000000000000000e+00 0.000000000000000000e+00 0.000000000000000000e+00 0.000000000000000000e+00 0.000000000000000000e+00 0.000000000000000000e+00 0.000000000000000000e+00 0.000000000000000000e+00 0.000000000000000000e+00 0.000000000000000000e+00 0.000000000000000000e+00 0.000000000000000000e+00
0.000000000000000000e+00 0.000000000000000000e+00 0.000000000000000000e+00 0.000000000000000000e+00 0.000000000000000000e+00 0.000000000000000000e+00 0.000000000000000000e+00 0.000000000000000000e+00 0.000000000000000000e+00 0.000000000000000000e+00 0.000000000000000000e+00 0.000000000000000000e+00 0.000000000000000000e+00 0.000000000000000000e+00 0.000000000000000000e+00 0.000000000000000000e+00 0.000000000000000000e+00 0.000000000000000000e+00
0.000000000000000000e+00 0.000000000000000000e+00 0.000000000000000000e+00 0.000000000000000000e+00 0.000000000000000000e+00 0.000000000000000000e+00 0.000000000000000000e+00 0.000000000000000000e+00 0.000000000000000000e+00 0.000000000000000000e+00 0.000000000000000000e+00 0.000000000000000000e+00 0.000000000000000000e+00 0.000000000000000000e+00 0.000000000000000000e+00 0.000000000000000000e+00 0.000000000000000000e+00 0.000000000000000000e+00
0.000000000000000000e+00 0.000000000000000000e+00 0.000000000000000000e+00 0.000000000000000000e+00 0.000000000000000000e+00 0.000000000000000000e+00 0.000000000000000000e+00 0.000000000000000000e+00 0.000000000000000000e+00 0.000000000000000000e+00 0.000000000000000000e+00 0.000000000000000000e+00 0.000000000000000000e+00 0.000000000000000000e+00 0.000000000000000000e+00 0.000000000000000000e+00 0.000000000000000000e+00 0.000000000000000000e+00
0.000000000000000000e+00 0.000000000000000000e+00 0.000000000000000000e+00 0.000000000000000000e+00 0.000000000000000000e+00 0.000000000000000000e+00 0.000000000000000000e+00 0.000000000000000000e+00 0.000000000000000000e+00 0.000000000000000000e+00 0.000000000000000000e+00 0.000000000000000000e+00 0.000000000000000000e+00 0.000000000000000000e+00 0.000000000000000000e+00 0.000000000000000000e+00 0.000000000000000000e+00 0.000000000000000000e+00
0.000000000000000000e+00 0.000000000000000000e+00 0.000000000000000000e+00 0.000000000000000000e+00 0.000000000000000000e+00 0.000000000000000000e+00 0.000000000000000000e+00 0.000000000000000000e+00 0.000000000000000000e+00 0.000000000000000000e+00 0.000000000000000000e+00 0.000000000000000000e+00 0.000000000000000000e+00 0.000000000000000000e+00 0.000000000000000000e+00 0.000000000000000000e+00 0.000000000000000000e+00 0.000000000000000000e+00
0.000000000000000000e+00 0.000000000000000000e+00 0.000000000000000000e+00 0.000000000000000000e+00 0.000000000000000000e+00 0.000000000000000000e+00 0.000000000000000000e+00 0.000000000000000000e+00 0.000000000000000000e+00 0.000000000000000000e+00 0.000000000000000000e+00 0.000000000000000000e+00 0.000000000000000000e+00 0.000000000000000000e+00 0.000000000000000000e+00 0.000000000000000000e+00 0.000000000000000000e+00 0.000000000000000000e+00
0.000000000000000000e+00 0.000000000000000000e+00 0.000000000000000000e+00 0.000000000000000000e+00 0.000000000000000000e+00 0.000000000000000000e+00 0.000000000000000000e+00 2.651650429449604537e-02 2.651650429449604537e-02 0.000000000000000000e+00 0.000000000000000000e+00 0.000000000000000000e+00 0.000000000000000000e+00 0.000000000000000000e+00 0.000000000000000000e+00 0.000000000000000000e+00 0.000000000000000000e+00 0.000000000000000000e+00
0.000000000000000000e+00 0.000000000000000000e+00 0.000000000000000000e+00 0.000000000000000000e+00 0.000000000000000000e+00 1.029866496202351198e-02 1.840758462825977868e-02 2.651650429449604537e-02 2.651650429449604537e-02 2.651650429449604537e-02 0.000000000000000000e+00 0.000000000000000000e+00 0.000000000000000000e+00 0.000000000000000000e+00 0.000000000000000000e+00 0.000000000000000000e+00 0.000000000000000000e+00 0.000000000000000000e+00
0.000000000000000000e+00 0.000000000000000000e+00 0.000000000000000000e+00 0.000000000000000000e+00 1.029866496202351198e-02 1.029866496202351198e-02 1.840758462825977868e-02 1.840758462825977868e-02 2.651650429449604537e-02 7.137411164360243920e-02 7.137411164360243920e-02 0.000000000000000000e+00 0.000000000000000000e+00 0.000000000000000000e+00 0.000000000000000000e+00 0.000000000000000000e+00 0.000000000000000000e+00 0.000000000000000000e+00
0.000000000000000000e+00 0.000000000000000000e+00 0.000000000000000000e+00 0.000000000000000000e+00 1.029866496202351198e-02 1.029866496202351198e-02 1.029866496202351198e-02 5.191895221665512178e-02 8.722997022688355750e-02 7.137411164360243920e-02 8.811585949635455939e-02 7.123427730662931778e-02 8.246855461325836023e-02 8.246855461325836023e-02 8.246855461325836023e-02 0.000000000000000000e+00 0.000000000000000000e+00 0.000000000000000000e+00
0.000000000000000000e+00 0.000000000000000000e+00 0.000000000000000000e+00 5.006558199002556636e-02 9.597411780814407711e-02 9.597411780814407711e-02 8.363186765381129539e-02 8.363186765381129539e-02 1.057805596172900903e-01 8.034669678851648345e-02 8.034669678851648345e-02 1.149946620413485054e-01 8.246855461325836023e-02 8.246855461325836023e-02 5.789636000958070516e-02 0.000000000000000000e+00 0.000000000000000000e+00 0.000000000000000000e+00
0.000000000000000000e+00 0.000000000000000000e+00 5.006558199002556636e-02 5.006558199002556636e-02 5.006558199002556636e-02 1.245326020901842551e-01 1.322741443613433820e-01 1.027493257698048890e-01 9.626047883737089139e-02 8.527186888136346898e-02 8.054661142908643712e-02 1.058682097089380797e-01 1.061027171766494304e-01 5.789636000958070516e-02 5.789636000958070516e-02 3.332416540590305704e-02 0.000000000000000000e+00 0.000000000000000000e+00
0.000000000000000000e+00 0.000000000000000000e+00 4.405662473061942863e-02 4.405662473061942863e-02 5.006558199002556636e-02 9.863283317249871285e-02 1.170137805399468212e-01 9.632211113496343124e-02 8.366093483578586343e-02 1.000945226605857580e-01 8.775448413869287034e-02 1.100625679388452099e-01 8.539491174241226057e-02 3.332416540590305704e-02 3.332416540590305704e-02 3.332416540590305704e-02 0.000000000000000000e+00 0.000000000000000000e+00
0.000000000000000000e+00 0.000000000000000000e+00 3.804766747121328396e-02 4.405662473061942863e-02 4.405662473061942863e-02 1.141425150077543388e-01 1.199229952557585299e-01 8.598441630691022741e-02 7.285281224570790137e-02 1.026865098144483512e-01 1.045677678810654349e-01 7.962299376644357829e-02 1.161908835070533802e-01 1.626505775407297294e-01 1.626505775407297294e-01 0.000000000000000000e+00 0.000000000000000000e+00 0.000000000000000000e+00
0.000000000000000000e+00 0.000000000000000000e+00 3.804766747121328396e-02 3.804766747121328396e-02 1.343356392890711903e-01 1.678367573422799297e-01 1.669228507821000629e-01 8.228844140198871004e-02 8.510850122806908058e-02 8.757597313059586885e-02 7.213976430141176566e-02 4.061195234166461304e-02 1.299228722078204223e-01 2.919769896755564087e-01 2.919769896755564087e-01 0.000000000000000000e+00 0.000000000000000000e+00 0.000000000000000000e+00
0.000000000000000000e+00 0.000000000000000000e+00 3.804766747121328396e-02 9.817433977730323502e-02 9.817433977730323502e-02 2.043049583799600444e-01 1.357493233306475422e-01 9.885160643028130523e-02 1.364627696588325279e-01 1.306820746790580412e-01 1.020443988232887234e-01 8.366953446901111147e-02 1.506527243686279494e-01 2.919769896755564087e-01 2.919769896755564087e-01 0.000000000000000000e+00 0.000000000000000000e+00 0.000000000000000000e+00
0.000000000000000000e+00 0.000000000000000000e+00 2.585174075376735908e-02 2.585174075376735908e-02 1.282376759303482383e-01 1.448205525045624664e-01 1.141818238102568217e-01 1.045676081838748939e-01 1.452339446274291124e-01 1.888137046601678082e-01 1.959903149877096906e-01 1.599111189282007850e-01 2.086465449989507448e-01 2.086465449989507448e-01 2.919769896755564087e-01 0.000000000000000000e+00 0.000000000000000000e+00 0.000000000000000000e+00
0.000000000000000000e+00 0.000000000000000000e+00 2.585174075376735908e-02 2.585174075376735908e-02 2.585174075376735908e-02 9.687240672519457918e-02 1.235006581311745705e-01 1.179957296014393781e-01 1.594093812464178195e-01 2.406004165422011010e-01 2.651865956943353364e-01 1.844678404080981049e-01 1.253161003223451087e-01 1.253161003223451087e-01 0.000000000000000000e+00 0.000000000000000000e+00 0.000000000000000000e+00 0.000000000000000000e+00
0.000000000000000000e+00 0.000000000000000000e+00 0.000000000000000000e+00 2.585174075376735908e-02 2.585174075376735908e-02 5.631545726129638663e-02 1.190636412227392693e-01 2.182537937691547414e-01 2.382721078989261387e-01 3.538517086513323084e-01 2.651865956943353364e-01 2.088476871131160484e-01 1.253161003223451087e-01 1.253161003223451087e-01 0.000000000000000000e+00 0.000000000000000000e+00 0.000000000000000000e+00 0.000000000000000000e+00
0.000000000000000000e+00 0.000000000000000000e+00 0.000000000000000000e+00 0.000000000000000000e+00 0.000000000000000000e+00 0.000000000000000000e+00 0.000000000000000000e+00 3.358036070383996763e-01 4.731982015081049875e-01 4.013345945131206460e-01 0.000000000000000000e+00 0.000000000000000000e+00 0.000000000000000000e+00 0.000000000000000000e+00 0.000000000000000000e+00 0.000000000000000000e+00 0.000000000000000000e+00 0.000000000000000000e+00
0.000000000000000000e+00 0.000000000000000000e+00 0.000000000000000000e+00 0.000000000000000000e+00 0.000000000000000000e+00 0.000000000000000000e+00 1.526060389532472028e+00 0.000000000000000000e+00 1.068326592755141302e+00 1.068326592755141302e+00 0.000000000000000000e+00 0.000000000000000000e+00 0.000000000000000000e+00 0.000000000000000000e+00 0.000000000000000000e+00 0.000000000000000000e+00 0.000000000000000000e+00 0.000000000000000000e+00
0.000000000000000000e+00 0.000000000000000000e+00 0.000000000000000000e+00 0.000000000000000000e+00 0.000000000000000000e+00 0.000000000000000000e+00 1.526060389532472028e+00 1.526060389532472028e+00 1.526060389532472028e+00 1.526060389532472028e+00 1.385757362151760930e+00 1.245454334771050053e+00 1.245454334771050053e+00 0.000000000000000000e+00 0.000000000000000000e+00 0.000000000000000000e+00 0.000000000000000000e+00 0.000000000000000000e+00
0.000000000000000000e+00 0.000000000000000000e+00 0.000000000000000000e+00 0.000000000000000000e+00 0.000000000000000000e+00 0.000000000000000000e+00 1.526060389532472028e+00 1.303883686943184017e+00 1.303883686943184017e+00 1.303883686943184017e+00 1.284407236219139437e+00 1.245454334771050053e+00 1.245454334771050053e+00 0.000000000000000000e+00 0.000000000000000000e+00 0.000000000000000000e+00 0.000000000000000000e+00 0.000000000000000000e+00
0.000000000000000000e+00 0.000000000000000000e+00 0.000000000000000000e+00 0.000000000000000000e+00 0.000000000000000000e+00 0.000000000000000000e+00 0.000000000000000000e+00 1.081706984353895784e+00 1.081706984353895784e+00 1.081706984353895784e+00 1.163580659562472919e+00 1.245454334771050053e+00 1.245454334771050053e+00 1.245454334771050053e+00 0.000000000000000000e+00 0.000000000000000000e+00 0.000000000000000000e+00 0.000000000000000000e+00
