0.000000000000000000e+00 0.000000000000000000e+00 0.000000000000000000e+00 0.000000000000000000e+00 0.000000000000000000e+00 0.000000000000000000e+00 0.000000000000000000e+00 0.000000000000000000e+00 0.000000000000000000e+00 0.000000000000000000e+00 0.000000000000000000e+00 0.000000000000000000e+00 0.000000000000000000e+00 0.000000000000000000e+00 0.000000000000000000e+00 0.000000000000000000e+00 0.000000000000000000e+00 0.000000000000000000e+00
0.000000000000000000e+00 0.000000000000000000e+00 0.000000000000000000e+00 0.000000000000000000e+00 0.000000000000000000e+00 0.000000000000000000e+00 0.000000000000000000e+00 0.000000000000000000e+00 0.000000000000000000e+00 0.000000000000000000e+00 0.000000000000000000e+00 0.000000000000000000e+00 0.000000000000000000e+00 0.000000000000000000e+00 0.000000000000000000e+00 0.000000000000000000e+00 0.000000000000000000e+00 0.000000000000000000e+00
0.000000000000000000e+00 0.000000000000000000e+00 0.000000000000000000e+00 0.000000000000000000e+00 0.000000000000000000e+00 0.000000000000000000e+00 0.000000000000000000e+00 0.000000000000000000e+00 0.000000000000000000e+00 0.000000000000000000e+00 0.000000000000000000e+00 0.000000000000000000e+00 0.000000000000000000e+00 0.000000000000000000e+00 0.000000000000000000e+00 0.000000000000000000e+00 0.000000000000000000e+00 0.000000000000000000e+00
0.000000000000000000e+00 0.000000000000000000e+00 0.000000000000000000e+00 0.000000000000000000e+00 0.000000000000000000e+00 0.000000000000000000e+00 0.000000000000000000e+00 0.000000000000000000e+00 0.000000000000000000e+00 0.000000000000000000e+00 0.000000000000000000e+00 0.000000000000000000e+00 0.000000000000000000e+00 0.000000000000000000e+00 0.000000000000000000e+00 0.000000000000000000e+00 0.000000000000000000e+00 0.000000000000000000e+00
0.000000000000000000e+00 0.000000000000000000e+00 0.000000000000000000e+00 0.000000000000000000e+00 0.000000000000000000e+00 0.000000000000000000e+00 0.000000000000000000e+00 0.000000000000000000e+00 0.000000000000000000e+00 0.000000000000000000e+00 0.000000000000000000e+00 0.000000000000000000e+00 0.000000000000000000e+00 0.000000000000000000e+00 0.000000000000000000e+00 0.000000000000000000e+00 0.000000000000000000e+00 0.000000000000000000e+00
0.000000000000000000e+00 0.000000000000000000e+00 0.000000000000000000e+00 0.000000000000000000e+00 0.000000000000000000e+00 0.000000000000000000e+00 0.000000000000000000e+00 0.000000000000000000e+00 0.000000000000000000e+00 0.000000000000000000e+00 0.000000000000000000e+00 0.000000000000000000e+00 0.000000000000000000e+00 0.000000000000000000e+00 0.000000000000000000e+00 0.000000000000000000e+00 0.000000000000000000e+00 0.000000000000000000e+00
0.000000000000000000e+00 0.000000000000000000e+00 0.000000000000000000e+00 0.000000000000000000e+00 0.000000000000000000e+00 0.000000000000000000e+00 0.000000000000000000e+00 0.000000000000000000e+00 0.000000000000000000e+00 0.000000000000000000e+00 0.000000000000000000e+00 0.000000000000000000e+00 0.000000000000000000e+00 0.000000000000000000e+00 0.000000000000000000e+00 0.000000000000000000e+00 0.000000000000000000e+00 0.000000000000000000e+00
0.000000000000000000e+00 0.000000000000000000e+00 0.000000000000000000e+00 0.000000000000000000e+00 0.000000000000000000e+00 0.000000000000000000e+00 0.000000000000000000e+00 4.707241761371498689e-02 4.707241761371498689e-02 0.000000000000000000e+00 0.000000000000000000e+00 0.000000000000000000e+00 0.000000000000000000e+00 0.000000000000000000e+00 0.000000000000000000e+00 0.000000000000000000e+00 0.000000000000000000e+00 0.000000000000000000e+00
0.000000000000000000e+00 0.000000000000000000e+00 0.000000000000000000e+00 0.000000000000000000e+00 0.000000000000000000e+00 5.802639485613422798e-02 5.254940623492460744e-02 4.707241761371498689e-02 4.707241761371498689e-02 4.707241761371498689e-02 0.000000000000000000e+00 0.000000000000000000e+00 0.000000000000000000e+00 0.000000000000000000e+00 0.000000000000000000e+00 0.000000000000000000e+00 0.000000000000000000e+00 0.000000000000000000e+00
0.000000000000000000e+00 0.000000000000000000e+00 0.000000000000000000e+00 0.000000000000000000e+00 5.802639485613422798e-02 5.802639485613422798e-02 5.254940623492460744e-02 5.254940623492460744e-02 4.707241761371498689e-02 1.084366100132123922e-01 1.084366100132123922e-01 0.000000000000000000e+00 0.000000000000000000e+00 0.000000000000000000e+00 0.000000000000000000e+00 0.000000000000000000e+00 0.000000000000000000e+00 0.000000000000000000e+00
0.000000000000000000e+00 0.000000000000000000e+00 0.000000000000000000e+00 0.000000000000000000e+00 5.802639485613422798e-02 5.802639485613422798e-02 5.802639485613422798e-02 9.215299866716558652e-02 1.294111345193574292e-01 1.084366100132123922e-01 1.354877328715060336e-01 6.513251987293987300e-02 2.909037641557747633e-02 2.909037641557747633e-02 2.909037641557747633e-02 0.000000000000000000e+00 0.000000000000000000e+00 0.000000000000000000e+00
0.000000000000000000e+00 0.000000000000000000e+00 0.000000000000000000e+00 1.219551659422430656e-01 1.054344436288835590e-01 9.570470914943124408e-02 1.219027828253517187e-01 1.219027828253517187e-01 1.481451662576770134e-01 1.246938130354503238e-01 1.168540964670676391e-01 9.340841426663000491e-02 2.909037641557747633e-02 2.909037641557747633e-02 2.909037641557747633e-02 0.000000000000000000e+00 0.000000000000000000e+00 0.000000000000000000e+00
0.000000000000000000e+00 0.000000000000000000e+00 1.219551659422430656e-01 1.219551659422430656e-01 1.219551659422430656e-01 1.082641472471969069e-01 1.053626033478240187e-01 1.474139705018652768e-01 1.314530015702128352e-01 1.074442906191215713e-01 1.205074627762808825e-01 1.245272390126973133e-01 7.821596801516861319e-02 4.234385049574777155e-02 4.234385049574777155e-02 0.000000000000000000e+00 0.000000000000000000e+00 0.000000000000000000e+00
0.000000000000000000e+00 0.000000000000000000e+00 1.418689066715038694e-01 1.418689066715038694e-01 1.219551659422430656e-01 9.149821695613920280e-02 1.359558976967667476e-01 1.760120358888573322e-01 1.500879915349711546e-01 8.086521944135063866e-02 1.374613112657956104e-01 1.446128409252341041e-01 8.197796069879111081e-02 5.559732457591806676e-02 5.559732457591806676e-02 5.559732457591806676e-02 0.000000000000000000e+00 0.000000000000000000e+00
0.000000000000000000e+00 0.000000000000000000e+00 1.617826474007647009e-01 1.418689066715038694e-01 1.418689066715038694e-01 1.696714328542126560e-01 1.965580059836838367e-01 1.967751088471408338e-01 1.351060914350334652e-01 7.119213968087471922e-02 8.717907732411447896e-02 1.053037236980134683e-01 1.076223211431797666e-01 1.412453044815471792e-01 1.412453044815471792e-01 0.000000000000000000e+00 0.000000000000000000e+00 0.000000000000000000e+00
0.000000000000000000e+00 0.000000000000000000e+00 1.617826474007647009e-01 1.617826474007647009e-01 1.919251727059895773e-01 1.879548220732693009e-01 1.729893148782210011e-01 1.439325846363600225e-01 1.137232420573220798e-01 9.171743898812309559e-02 9.783537820133501872e-02 8.343067089078226584e-02 1.025921942342645082e-01 2.268932843871762917e-01 2.268932843871762917e-01 0.000000000000000000e+00 0.000000000000000000e+00 0.000000000000000000e+00
0.000000000000000000e+00 0.000000000000000000e+00 0.000000000000000000e+00 1.598685224005690630e-01 1.598685224005690630e-01 1.908218493565370932e-01 1.276126227052474527e-01 1.147020907747983570e-01 1.500456957770761601e-01 1.564961357752640558e-01 1.572668199530938560e-01 9.333385632758305073e-02 1.077049988351947291e-01 1.384544534732663756e-01 2.268932843871762917e-01 0.000000000000000000e+00 0.000000000000000000e+00 0.000000000000000000e+00
0.000000000000000000e+00 0.000000000000000000e+00 9.575522178972799281e-02 9.575522178972799281e-02 1.591329735009340551e-01 1.591329735009340551e-01 1.119107605173820935e-01 1.320719284743577804e-01 1.480954411795798731e-01 1.734686577923933160e-01 1.711375932469872962e-01 1.110345547986116982e-01 5.001562255935643880e-02 1.384544534732663756e-01 0.000000000000000000e+00 0.000000000000000000e+00 0.000000000000000000e+00 0.000000000000000000e+00
0.000000000000000000e+00 0.000000000000000000e+00 9.575522178972799281e-02 9.575522178972799281e-02 9.575522178972799281e-02 1.022414384709062068e-01 1.286783014003435033e-01 1.399651268909704316e-01 1.328092590707098675e-01 1.729164963018423318e-01 1.968125571921250649e-01 1.098497599253805967e-01 5.001562255935643880e-02 5.001562255935643880e-02 0.000000000000000000e+00 0.000000000000000000e+00 0.000000000000000000e+00 0.000000000000000000e+00
0.000000000000000000e+00 0.000000000000000000e+00 0.000000000000000000e+00 9.575522178972799281e-02 7.357415735542945090e-02 7.357415735542945090e-02 1.070300612315379235e-01 1.564015190633303576e-01 2.440034979065066056e-01 2.999386291460764409e-01 2.000116603758269607e-01 1.500129811036701177e-01 5.001562255935643880e-02 5.001562255935643880e-02 0.000000000000000000e+00 0.000000000000000000e+00 0.000000000000000000e+00 0.000000000000000000e+00
0.000000000000000000e+00 0.000000000000000000e+00 0.000000000000000000e+00 0.000000000000000000e+00 0.000000000000000000e+00 0.000000000000000000e+00 0.000000000000000000e+00 1.295089282636529282e-01 5.925415758656934484e-01 8.240578996667136114e-01 0.000000000000000000e+00 0.000000000000000000e+00 0.000000000000000000e+00 0.000000000000000000e+00 0.000000000000000000e+00 0.000000000000000000e+00 0.000000000000000000e+00 0.000000000000000000e+00
0.000000000000000000e+00 0.000000000000000000e+00 0.000000000000000000e+00 0.000000000000000000e+00 0.000000000000000000e+00 0.000000000000000000e+00 0.000000000000000000e+00 0.000000000000000000e+00 1.091336107713842596e+00 1.091336107713842596e+00 0.000000000000000000e+00 0.000000000000000000e+00 0.000000000000000000e+00 0.000000000000000000e+00 0.000000000000000000e+00 0.000000000000000000e+00 0.000000000000000000e+00 0.000000000000000000e+00
0.000000000000000000e+00 0.000000000000000000e+00 0.000000000000000000e+00 0.000000000000000000e+00 0.000000000000000000e+00 0.000000000000000000e+00 9.870035777544070577e-01 9.870035777544070577e-01 1.039169842734124938e+00 1.018080034343811668e+00 9.759004175631853517e-01 9.759004175631853517e-01 0.000000000000000000e+00 0.000000000000000000e+00 0.000000000000000000e+00 0.000000000000000000e+00 0.000000000000000000e+00 0.000000000000000000e+00
0.000000000000000000e+00 0.000000000000000000e+00 0.000000000000000000e+00 0.000000000000000000e+00 0.000000000000000000e+00 0.000000000000000000e+00 9.870035777544070577e-01 9.870035777544070577e-01 9.870035777544070577e-01 9.814519976587962047e-01 9.759004175631853517e-01 9.759004175631853517e-01 9.759004175631853517e-01 0.000000000000000000e+00 0.000000000000000000e+00 0.000000000000000000e+00 0.000000000000000000e+00 0.000000000000000000e+00
0.000000000000000000e+00 0.000000000000000000e+00 0.000000000000000000e+00 0.000000000000000000e+00 0.000000000000000000e+00 0.000000000000000000e+00 9.870035777544070577e-01 9.870035777544070577e-01 9.870035777544070577e-01 9.814519976587962047e-01 9.759004175631853517e-01 9.759004175631853517e-01 9.759004175631853517e-01 0.000000000000000000e+00 0.000000000000000000e+00 0.000000000000000000e+00 0.000000000000000000e+00 0.000000000000000000e+00
