0.000000000000000000e+00 0.000000000000000000e+00 0.000000000000000000e+00 0.000000000000000000e+00 0.000000000000000000e+00 0.000000000000000000e+00 0.000000000000000000e+00 0.000000000000000000e+00 0.000000000000000000e+00 0.000000000000000000e+00 0.000000000000000000e+00 0.000000000000000000e+00 0.000000000000000000e+00 0.000000000000000000e+00 0.000000000000000000e+00 0.000000000000000000e+00 0.000000000000000000e+00 0.000000000000000000e+00
0.000000000000000000e+00 0.000000000000000000e+00 0.000000000000000000e+00 0.000000000000000000e+00 0.000000000000000000e+00 0.000000000000000000e+00 0.000000000000000000e+00 0.000000000000000000e+00 0.000000000000000000e+00 0.000000000000000000e+00 0.000000000000000000e+00 0.000000000000000000e+00 0.000000000000000000e+00 0.000000000000000000e+00 0.000000000000000000e+00 0.000000000000000000e+00 0.000000000000000000e+00 0.000000000000000000e+00
0.000000000000000000e+00 0.000000000000000000e+00 0.000000000000000000e+00 0.000000000000000000e+00 0.000000000000000000e+00 0.000000000000000000e+00 0.000000000000000000e+00 0.000000000000000000e+00 0.000000000000000000e+00 0.000000000000000000e+00 0.000000000000000000e+00 0.000000000000000000e+00 0.000000000000000000e+00 0.000000000000000000e+00 0.000000000000000000e+00 0.000000000000000000e+00 0.000000000000000000e+00 0.000000000000000000e+00
0.000000000000000000e+00 0.000000000000000000e+00 0.000000000000000000e+00 0.000000000000000000e+00 0.000000000000000000e+00 0.000000000000000000e+00 0.000000000000000000e+00 0.000000000000000000e+00 0.000000000000000000e+00 0.000000000000000000e+00 0.000000000000000000e+00 0.000000000000000000e+00 0.000000000000000000e+00 0.000000000000000000e+00 0.000000000000000000e+00 0.000000000000000000e+00 0.000000000000000000e+00 0.000000000000000000e+00
0.000000000000000000e+00 0.000000000000000000e+00 0.000000000000000000e+00 0.000000000000000000e+00 0.000000000000000000e+00 0.000000000000000000e+00 0.000000000000000000e+00 0.000000000000000000e+00 0.000000000000000000e+00 0.000000000000000000e+00 0.000000000000000000e+00 0.000000000000000000e+00 0.000000000000000000e+00 0.000000000000000000e+00 0.000000000000000000e+00 0.000000000000000000e+00 0.000000000000000000e+00 0.000000000000000000e+00
0.000000000000000000e+00 0.000000000000000000e+00 0.000000000000000000e+00 0.000000000000000000e+00 0.000000000000000000e+00 0.000000000000000000e+00 0.000000000000000000e+00 0.000000000000000000e+00 0.000000000000000000e+00 0.000000000000000000e+00 0.000000000000000000e+00 0.000000000000000000e+00 0.000000000000000000e+00 0.000000000000000000e+00 0.000000000000000000e+00 0.000000000000000000e+00 0.000000000000000000e+00 0.000000000000000000e+00
0.000000000000000000e+00 0.000000000000000000e+00 0.000000000000000000e+00 0.000000000000000000e+00 0.000000000000000000e+00 0.000000000000000000e+00 0.000000000000000000e+00 0.000000000000000000e+00 0.000000000000000000e+00 0.000000000000000000e+00 0.000000000000000000e+00 0.000000000000000000e+00 0.000000000000000000e+00 0.000000000000000000e+00 0.000000000000000000e+00 0.000000000000000000e+00 0.000000000000000000e+00 0.000000000000000000e+00
0.000000000000000000e+00 0.000000000000000000e+00 0.000000000000000000e+00 0.000000000000000000e+00 0.000000000000000000e+00 0.000000000000000000e+00 0.000000000000000000e+00 2.366035714016243366e-02 2.366035714016243366e-02 0.000000000000000000e+00 0.000000000000000000e+00 0.000000000000000000e+00 0.000000000000000000e+00 0.000000000000000000e+00 0.000000000000000000e+00 0.000000000000000000e+00 0.000000000000000000e+00 0.000000000000000000e+00
0.000000000000000000e+00 0.000000000000000000e+00 0.000000000000000000e+00 0.000000000000000000e+00 0.000000000000000000e+00 1.167261752992884531e-02 1.766648733504563862e-02 2.366035714016243366e-02 2.366035714016243366e-02 2.366035714016243366e-02 0.000000000000000000e+00 0.000000000000000000e+00 0.000000000000000000e+00 0.000000000000000000e+00 0.000000000000000000e+00 0.000000000000000000e+00 0.000000000000000000e+00 0.000000000000000000e+00
0.000000000000000000e+00 0.000000000000000000e+00 0.000000000000000000e+00 0.000000000000000000e+00 1.167261752992884531e-02 1.167261752992884531e-02 1.766648733504563862e-02 1.766648733504563862e-02 2.366035714016243366e-02 7.575518345862244929e-02 7.575518345862244929e-02 0.000000000000000000e+00 0.000000000000000000e+00 0.000000000000000000e+00 0.000000000000000000e+00 0.000000000000000000e+00 0.000000000000000000e+00 0.000000000000000000e+00
0.000000000000000000e+00 0.000000000000000000e+00 0.000000000000000000e+00 0.000000000000000000e+00 1.167261752992884531e-02 1.167261752992884531e-02 1.167261752992884531e-02 5.270348883327449774e-02 9.142928624899238077e-02 7.575518345862244929e-02 9.592231922896685137e-02 6.995864334771934034e-02 7.592265801458747410e-02 7.592265801458747410e-02 7.592265801458747410e-02 0.000000000000000000e+00 0.000000000000000000e+00 0.000000000000000000e+00
0.000000000000000000e+00 0.000000000000000000e+00 0.000000000000000000e+00 4.058401779025854611e-02 9.489718513277151102e-02 9.489718513277151102e-02 8.681405753391846503e-02 8.681405753391846503e-02 1.114671262667087243e-01 8.852589578577500784e-02 8.852589578577500784e-02 1.133341936692131707e-01 7.592265801458747410e-02 7.592265801458747410e-02 5.531113087936138928e-02 0.000000000000000000e+00 0.000000000000000000e+00 0.000000000000000000e+00
0.000000000000000000e+00 0.000000000000000000e+00 4.058401779025854611e-02 4.058401779025854611e-02 4.058401779025854611e-02 1.226387076670524129e-01 1.315105604621640834e-01 1.053748212845249804e-01 1.013939133982328794e-01 9.052521547586217521e-02 8.103881291955654376e-02 1.039624695641958863e-01 1.035691853569745274e-01 5.531113087936138928e-02 5.531113087936138928e-02 0.000000000000000000e+00 0.000000000000000000e+00 0.000000000000000000e+00
0.000000000000000000e+00 0.000000000000000000e+00 3.772805274113978646e-02 3.772805274113978646e-02 4.058401779025854611e-02 9.704680627599136800e-02 1.173044810734296811e-01 1.058254661813138459e-01 8.425918325446407620e-02 9.992652426571906055e-02 8.792429974543047866e-02 1.109097588412414348e-01 8.272548102441951157e-02 3.469960374413529752e-02 3.469960374413529752e-02 3.469960374413529752e-02 0.000000000000000000e+00 0.000000000000000000e+00
0.000000000000000000e+00 0.000000000000000000e+00 3.487208769202103376e-02 3.772805274113978646e-02 3.772805274113978646e-02 1.132969212246856400e-01 1.298073811243173892e-01 9.543750575965842531e-02 7.745193260109635436e-02 9.388650512121077263e-02 9.861964695101156642e-02 8.385322190181043744e-02 1.168481047454816985e-01 1.651749731048453296e-01 1.651749731048453296e-01 0.000000000000000000e+00 0.000000000000000000e+00 0.000000000000000000e+00
0.000000000000000000e+00 0.000000000000000000e+00 3.487208769202103376e-02 3.487208769202103376e-02 1.364603323336967267e-01 1.695025488321305618e-01 1.723725055939520356e-01 9.100783074787442695e-02 8.784725075347933620e-02 7.885346619441566118e-02 6.767076361970050802e-02 4.150396264678549857e-02 1.270623593549884134e-01 2.956503424655553824e-01 2.956503424655553824e-01 0.000000000000000000e+00 0.000000000000000000e+00 0.000000000000000000e+00
0.000000000000000000e+00 0.000000000000000000e+00 3.487208769202103376e-02 1.009251739645491558e-01 1.009251739645491558e-01 2.047320040096857752e-01 1.352810165279668686e-01 1.055233267152779625e-01 1.440062108730293944e-01 1.327990168252892733e-01 1.032566592412005324e-01 7.798677429759269530e-02 1.421555718287448866e-01 2.956503424655553824e-01 2.956503424655553824e-01 0.000000000000000000e+00 0.000000000000000000e+00 0.000000000000000000e+00
0.000000000000000000e+00 0.000000000000000000e+00 2.985485722625400712e-02 2.985485722625400712e-02 1.339517171008132168e-01 1.464396217485418594e-01 1.133208903652263289e-01 1.083210547153303782e-01 1.439043985909490564e-01 1.896574287348048171e-01 1.919141197951323430e-01 1.484575807559664617e-01 2.058215342652989777e-01 2.058215342652989777e-01 2.956503424655553824e-01 0.000000000000000000e+00 0.000000000000000000e+00 0.000000000000000000e+00
0.000000000000000000e+00 0.000000000000000000e+00 2.985485722625400712e-02 2.985485722625400712e-02 2.985485722625400712e-02 9.759055146009121273e-02 1.283800759606202324e-01 1.181486753791956001e-01 1.530088356413958350e-01 2.402742200712950638e-01 2.645661096796445566e-01 1.768679455280866009e-01 1.159927260650425451e-01 1.159927260650425451e-01 0.000000000000000000e+00 0.000000000000000000e+00 0.000000000000000000e+00 0.000000000000000000e+00
0.000000000000000000e+00 0.000000000000000000e+00 0.000000000000000000e+00 2.985485722625400712e-02 2.985485722625400712e-02 6.067811166813723289e-02 1.251777329183910714e-01 2.037213322432173124e-01 3.163428922683934053e-01 3.449709278070109408e-01 2.500073065565549535e-01 2.053357797260507989e-01 1.159927260650425451e-01 1.159927260650425451e-01 0.000000000000000000e+00 0.000000000000000000e+00 0.000000000000000000e+00 0.000000000000000000e+00
0.000000000000000000e+00 0.000000000000000000e+00 0.000000000000000000e+00 0.000000000000000000e+00 0.000000000000000000e+00 0.000000000000000000e+00 0.000000000000000000e+00 3.045505910353811241e-01 4.536552726644811351e-01 4.325157012077801566e-01 0.000000000000000000e+00 0.000000000000000000e+00 0.000000000000000000e+00 0.000000000000000000e+00 0.000000000000000000e+00 0.000000000000000000e+00 0.000000000000000000e+00 0.000000000000000000e+00
0.000000000000000000e+00 0.000000000000000000e+00 0.000000000000000000e+00 0.000000000000000000e+00 0.000000000000000000e+00 0.000000000000000000e+00 1.503174806867119129e+00 1.503174806867119129e+00 1.052967380580350110e+00 1.052967380580350110e+00 0.000000000000000000e+00 0.000000000000000000e+00 0.000000000000000000e+00 0.000000000000000000e+00 0.000000000000000000e+00 0.000000000000000000e+00 0.000000000000000000e+00 0.000000000000000000e+00
0.000000000000000000e+00 0.000000000000000000e+00 0.000000000000000000e+00 0.000000000000000000e+00 0.000000000000000000e+00 0.000000000000000000e+00 1.503174806867119129e+00 1.503174806867119129e+00 1.503174806867119129e+00 1.503174806867119129e+00 1.365839641931719139e+00 1.228504476996319150e+00 1.228504476996319150e+00 0.000000000000000000e+00 0.000000000000000000e+00 0.000000000000000000e+00 0.000000000000000000e+00 0.000000000000000000e+00
0.000000000000000000e+00 0.000000000000000000e+00 0.000000000000000000e+00 0.000000000000000000e+00 0.000000000000000000e+00 0.000000000000000000e+00 1.503174806867119129e+00 1.264757270534113687e+00 1.264757270534113687e+00 1.264757270534113687e+00 1.252673006021515434e+00 1.228504476996319150e+00 1.228504476996319150e+00 0.000000000000000000e+00 0.000000000000000000e+00 0.000000000000000000e+00 0.000000000000000000e+00 0.000000000000000000e+00
0.000000000000000000e+00 0.000000000000000000e+00 0.000000000000000000e+00 0.000000000000000000e+00 0.000000000000000000e+00 0.000000000000000000e+00 0.000000000000000000e+00 1.026339734201108023e+00 1.026339734201108023e+00 1.026339734201108023e+00 1.127422105598713475e+00 1.228504476996319150e+00 1.228504476996319150e+00 0.000000000000000000e+00 0.000000000000000000e+00 0.000000000000000000e+00 0.000000000000000000e+00 0.000000000000000000e+00
