0.000000000000000000e+00 0.000000000000000000e+00 0.000000000000000000e+00 0.000000000000000000e+00 0.000000000000000000e+00 0.000000000000000000e+00 0.000000000000000000e+00 0.000000000000000000e+00 0.000000000000000000e+00 0.000000000000000000e+00 0.000000000000000000e+00 0.000000000000000000e+00 0.000000000000000000e+00 0.000000000000000000e+00 0.000000000000000000e+00 0.000000000000000000e+00 0.000000000000000000e+00 0.000000000000000000e+00
0.000000000000000000e+00 0.000000000000000000e+00 0.000000000000000000e+00 0.000000000000000000e+00 0.000000000000000000e+00 0.000000000000000000e+00 0.000000000000000000e+00 0.000000000000000000e+00 0.000000000000000000e+00 0.000000000000000000e+00 0.000000000000000000e+00 0.000000000000000000e+00 0.000000000000000000e+00 0.000000000000000000e+00 0.000000000000000000e+00 0.000000000000000000e+00 0.000000000000000000e+00 0.000000000000000000e+00
0.000000000000000000e+00 0.000000000000000000e+00 0.000000000000000000e+00 0.000000000000000000e+00 0.000000000000000000e+00 0.000000000000000000e+00 0.000000000000000000e+00 0.000000000000000000e+00 0.000000000000000000e+00 0.000000000000000000e+00 0.000000000000000000e+00 0.000000000000000000e+00 0.000000000000000000e+00 0.000000000000000000e+00 0.000000000000000000e+00 0.000000000000000000e+00 0.000000000000000000e+00 0.000000000000000000e+00
0.000000000000000000e+00 0.000000000000000000e+00 0.000000000000000000e+00 0.000000000000000000e+00 0.000000000000000000e+00 0.000000000000000000e+00 0.000000000000000000e+00 0.000000000000000000e+00 0.000000000000000000e+00 0.000000000000000000e+00 0.000000000000000000e+00 0.000000000000000000e+00 0.000000000000000000e+00 0.000000000000000000e+00 0.000000000000000000e+00 0.000000000000000000e+00 0.000000000000000000e+00 0.000000000000000000e+00
0.000000000000000000e+00 0.000000000000000000e+00 0.000000000000000000e+00 0.000000000000000000e+00 0.000000000000000000e+00 0.000000000000000000e+00 0.000000000000000000e+00 0.000000000000000000e+00 0.000000000000000000e+00 0.000000000000000000e+00 0.000000000000000000e+00 0.000000000000000000e+00 0.000000000000000000e+00 0.000000000000000000e+00 0.000000000000000000e+00 0.000000000000000000e+00 0.000000000000000000e+00 0.000000000000000000e+00
0.000000000000000000e+00 0.000000000000000000e+00 0.000000000000000000e+00 0.000000000000000000e+00 0.000000000000000000e+00 0.000000000000000000e+00 0.000000000000000000e+00 0.000000000000000000e+00 0.000000000000000000e+00 0.000000000000000000e+00 0.000000000000000000e+00 0.000000000000000000e+00 0.000000000000000000e+00 0.000000000000000000e+00 0.000000000000000000e+00 0.000000000000000000e+00 0.000000000000000000e+00 0.000000000000000000e+00
0.000000000000000000e+00 0.000000000000000000e+00 0.000000000000000000e+00 0.000000000000000000e+00 0.000000000000000000e+00 0.000000000000000000e+00 0.000000000000000000e+00 0.000000000000000000e+00 0.000000000000000000e+00 0.000000000000000000e+00 0.000000000000000000e+00 0.000000000000000000e+00 0.000000000000000000e+00 0.000000000000000000e+00 0.000000000000000000e+00 0.000000000000000000e+00 0.000000000000000000e+00 0.000000000000000000e+00
0.000000000000000000e+00 0.000000000000000000e+00 0.000000000000000000e+00 0.000000000000000000e+00 0.000000000000000000e+00 0.000000000000000000e+00 0.000000000000000000e+00 2.212747161335843274e-02 2.212747161335843274e-02 0.000000000000000000e+00 0.000000000000000000e+00 0.000000000000000000e+00 0.000000000000000000e+00 0.000000000000000000e+00 0.000000000000000000e+00 0.000000000000000000e+00 0.000000000000000000e+00 0.000000000000000000e+00
0.000000000000000000e+00 0.000000000000000000e+00 0.000000000000000000e+00 0.000000000000000000e+00 0.000000000000000000e+00 1.634204699540386593e-02 1.923475930438114934e-02 2.212747161335843274e-02 2.212747161335843274e-02 2.212747161335843274e-02 0.000000000000000000e+00 0.000000000000000000e+00 0.000000000000000000e+00 0.000000000000000000e+00 0.000000000000000000e+00 0.000000000000000000e+00 0.000000000000000000e+00 0.000000000000000000e+00
0.000000000000000000e+00 0.000000000000000000e+00 0.000000000000000000e+00 0.000000000000000000e+00 1.634204699540386593e-02 1.634204699540386593e-02 1.923475930438114934e-02 1.923475930438114934e-02 2.212747161335843274e-02 8.286054109772274245e-02 8.286054109772274245e-02 0.000000000000000000e+00 0.000000000000000000e+00 0.000000000000000000e+00 0.000000000000000000e+00 0.000000000000000000e+00 0.000000000000000000e+00 0.000000000000000000e+00
0.000000000000000000e+00 0.000000000000000000e+00 0.000000000000000000e+00 0.000000000000000000e+00 1.634204699540386593e-02 1.634204699540386593e-02 1.634204699540386593e-02 5.398250082544436834e-02 9.639968868767208321e-02 8.286054109772274245e-02 1.063567622499286824e-01 6.883936951219463141e-02 6.855882510661895357e-02 6.855882510661895357e-02 6.855882510661895357e-02 0.000000000000000000e+00 0.000000000000000000e+00 0.000000000000000000e+00
0.000000000000000000e+00 0.000000000000000000e+00 0.000000000000000000e+00 3.338506402569887260e-02 5.961896356676898989e-02 9.338262393554550012e-02 8.964993684739296087e-02 8.964993684739296087e-02 1.174327102700377240e-01 1.097297230538520491e-01 9.619312000849146449e-02 1.117781773360169845e-01 6.855882510661895357e-02 6.855882510661895357e-02 6.855882510661895357e-02 0.000000000000000000e+00 0.000000000000000000e+00 0.000000000000000000e+00
0.000000000000000000e+00 0.000000000000000000e+00 3.338506402569887260e-02 3.338506402569887260e-02 3.338506402569887260e-02 1.190628162489260483e-01 1.308982230625443388e-01 1.088300081900029359e-01 1.064497157746693290e-01 9.521515199644027538e-02 8.282747774166325516e-02 1.048472074837612511e-01 1.015985671793338957e-01 5.356995427716997743e-02 5.356995427716997743e-02 0.000000000000000000e+00 0.000000000000000000e+00 0.000000000000000000e+00
0.000000000000000000e+00 0.000000000000000000e+00 3.567443128557755416e-02 3.567443128557755416e-02 3.338506402569887260e-02 9.653801010960000317e-02 1.188868450150683681e-01 1.173189418498172404e-01 8.725791030412291538e-02 1.021591138661600562e-01 9.193031068864890298e-02 1.142760310859001482e-01 8.453414380606483203e-02 3.858108344772100129e-02 3.858108344772100129e-02 3.858108344772100129e-02 0.000000000000000000e+00 0.000000000000000000e+00
0.000000000000000000e+00 0.000000000000000000e+00 3.796379854545622878e-02 3.567443128557755416e-02 3.567443128557755416e-02 1.166830995493944034e-01 1.431936638432349529e-01 1.448948373259452693e-01 8.603165465500488274e-02 8.766689975136265911e-02 9.167319412164447179e-02 8.769701671647243957e-02 1.179980462811480585e-01 1.683142919283161787e-01 1.683142919283161787e-01 0.000000000000000000e+00 0.000000000000000000e+00 0.000000000000000000e+00
0.000000000000000000e+00 0.000000000000000000e+00 3.796379854545622878e-02 3.796379854545622878e-02 1.406803611570099366e-01 1.717296058437479400e-01 1.587851969767786753e-01 1.000891892622581825e-01 9.285493511941785016e-02 7.235991342958691952e-02 6.395846563474553992e-02 4.358672595655330162e-02 1.240058314225331998e-01 2.980475004089113700e-01 2.980475004089113700e-01 0.000000000000000000e+00 0.000000000000000000e+00 0.000000000000000000e+00
0.000000000000000000e+00 0.000000000000000000e+00 3.796379854545622878e-02 1.057837241454133576e-01 1.057837241454133576e-01 2.031357460359528577e-01 1.346210719998970906e-01 1.119662745875377036e-01 1.500854072280854712e-01 1.352510027684556693e-01 1.046760598698019545e-01 7.228162409833090163e-02 1.325959531978158357e-01 2.980475004089113700e-01 2.980475004089113700e-01 0.000000000000000000e+00 0.000000000000000000e+00 0.000000000000000000e+00
0.000000000000000000e+00 0.000000000000000000e+00 3.599045012222017864e-02 3.599045012222017864e-02 1.396936869453919150e-01 1.474206473980419763e-01 1.128202096939125709e-01 1.104765114383726987e-01 1.408236631627893531e-01 1.888454647093175398e-01 1.852543230693402543e-01 1.358204138413710849e-01 2.038487559044098174e-01 2.038487559044098174e-01 2.980475004089113700e-01 0.000000000000000000e+00 0.000000000000000000e+00 0.000000000000000000e+00
0.000000000000000000e+00 0.000000000000000000e+00 3.599045012222017864e-02 3.599045012222017864e-02 3.599045012222017864e-02 9.738898255535538562e-02 1.308300243033697075e-01 1.179465869907542902e-01 1.458410708295885816e-01 2.368189948029817971e-01 2.613300694531295876e-01 1.706896897067730068e-01 1.096500113999082648e-01 1.096500113999082648e-01 0.000000000000000000e+00 0.000000000000000000e+00 0.000000000000000000e+00 0.000000000000000000e+00
0.000000000000000000e+00 0.000000000000000000e+00 0.000000000000000000e+00 3.599045012222017864e-02 3.599045012222017864e-02 6.464618968136207067e-02 1.277190301577988130e-01 1.895585632856684466e-01 3.066261555251421633e-01 3.400369163873567802e-01 2.488850067022627122e-01 2.024733416014778964e-01 1.096500113999082648e-01 1.096500113999082648e-01 0.000000000000000000e+00 0.000000000000000000e+00 0.000000000000000000e+00 0.000000000000000000e+00
0.000000000000000000e+00 0.000000000000000000e+00 0.000000000000000000e+00 0.000000000000000000e+00 0.000000000000000000e+00 0.000000000000000000e+00 0.000000000000000000e+00 2.741419568398824613e-01 4.446754576217240018e-01 4.406248018972265257e-01 0.000000000000000000e+00 0.000000000000000000e+00 0.000000000000000000e+00 0.000000000000000000e+00 0.000000000000000000e+00 0.000000000000000000e+00 0.000000000000000000e+00 0.000000000000000000e+00
0.000000000000000000e+00 0.000000000000000000e+00 0.000000000000000000e+00 0.000000000000000000e+00 0.000000000000000000e+00 0.000000000000000000e+00 1.464083544405851089e+00 1.464083544405851089e+00 1.039646251404708233e+00 1.039646251404708233e+00 0.000000000000000000e+00 0.000000000000000000e+00 0.000000000000000000e+00 0.000000000000000000e+00 0.000000000000000000e+00 0.000000000000000000e+00 0.000000000000000000e+00 0.000000000000000000e+00
0.000000000000000000e+00 0.000000000000000000e+00 0.000000000000000000e+00 0.000000000000000000e+00 0.000000000000000000e+00 0.000000000000000000e+00 1.464083544405851089e+00 1.464083544405851089e+00 1.464083544405851089e+00 1.464083544405851089e+00 1.334921903841877366e+00 1.205760263277903643e+00 1.205760263277903643e+00 0.000000000000000000e+00 0.000000000000000000e+00 0.000000000000000000e+00 0.000000000000000000e+00 0.000000000000000000e+00
0.000000000000000000e+00 0.000000000000000000e+00 0.000000000000000000e+00 0.000000000000000000e+00 0.000000000000000000e+00 0.000000000000000000e+00 1.464083544405851089e+00 1.246825464640826997e+00 1.246825464640826997e+00 1.233137064186519138e+00 1.334921903841877366e+00 1.205760263277903643e+00 1.205760263277903643e+00 0.000000000000000000e+00 0.000000000000000000e+00 0.000000000000000000e+00 0.000000000000000000e+00 0.000000000000000000e+00
0.000000000000000000e+00 0.000000000000000000e+00 0.000000000000000000e+00 0.000000000000000000e+00 0.000000000000000000e+00 0.000000000000000000e+00 0.000000000000000000e+00 1.029567384875803127e+00 1.029567384875803127e+00 1.117663824076853274e+00 1.205760263277903643e+00 1.205760263277903643e+00 1.205760263277903643e+00 0.000000000000000000e+00 0.000000000000000000e+00 0.000000000000000000e+00 0.000000000000000000e+00 0.000000000000000000e+00
