0.000000000000000000e+00 0.000000000000000000e+00 0.000000000000000000e+00 0.000000000000000000e+00 0.000000000000000000e+00 0.000000000000000000e+00 0.000000000000000000e+00 0.000000000000000000e+00 0.000000000000000000e+00 0.000000000000000000e+00 0.000000000000000000e+00 0.000000000000000000e+00 0.000000000000000000e+00 0.000000000000000000e+00 0.000000000000000000e+00 0.000000000000000000e+00 0.000000000000000000e+00 0.000000000000000000e+00
0.000000000000000000e+00 0.000000000000000000e+00 0.000000000000000000e+00 0.000000000000000000e+00 0.000000000000000000e+00 0.000000000000000000e+00 0.000000000000000000e+00 0.000000000000000000e+00 0.000000000000000000e+00 0.000000000000000000e+00 0.000000000000000000e+00 0.000000000000000000e+00 0.000000000000000000e+00 0.000000000000000000e+00 0.000000000000000000e+00 0.000000000000000000e+00 0.000000000000000000e+00 0.000000000000000000e+00
0.000000000000000000e+00 0.000000000000000000e+00 0.000000000000000000e+00 0.000000000000000000e+00 0.000000000000000000e+00 0.000000000000000000e+00 0.000000000000000000e+00 0.000000000000000000e+00 0.000000000000000000e+00 0.000000000000000000e+00 0.000000000000000000e+00 0.000000000000000000e+00 0.000000000000000000e+00 0.000000000000000000e+00 0.000000000000000000e+00 0.000000000000000000e+00 0.000000000000000000e+00 0.000000000000000000e+00
0.000000000000000000e+00 0.000000000000000000e+00 0.000000000000000000e+00 0.000000000000000000e+00 0.000000000000000000e+00 0.000000000000000000e+00 0.000000000000000000e+00 0.000000000000000000e+00 0.000000000000000000e+00 0.000000000000000000e+00 0.000000000000000000e+00 0.000000000000000000e+00 0.000000000000000000e+00 0.000000000000000000e+00 0.000000000000000000e+00 0.000000000000000000e+00 0.000000000000000000e+00 0.000000000000000000e+00
0.000000000000000000e+00 0.000000000000000000e+00 0.000000000000000000e+00 0.000000000000000000e+00 0.000000000000000000e+00 0.000000000000000000e+00 0.000000000000000000e+00 0.000000000000000000e+00 0.000000000000000000e+00 0.000000000000000000e+00 0.000000000000000000e+00 0.000000000000000000e+00 0.000000000000000000e+00 0.000000000000000000e+00 0.000000000000000000e+00 0.000000000000000000e+00 0.000000000000000000e+00 0.000000000000000000e+00
0.000000000000000000e+00 0.000000000000000000e+00 0.000000000000000000e+00 0.000000000000000000e+00 0.000000000000000000e+00 0.000000000000000000e+00 0.000000000000000000e+00 0.000000000000000000e+00 0.000000000000000000e+00 0.000000000000000000e+00 0.000000000000000000e+00 0.000000000000000000e+00 0.000000000000000000e+00 0.000000000000000000e+00 0.000000000000000000e+00 0.000000000000000000e+00 0.000000000000000000e+00 0.000000000000000000e+00
0.000000000000000000e+00 0.000000000000000000e+00 0.000000000000000000e+00 0.000000000000000000e+00 0.000000000000000000e+00 0.000000000000000000e+00 0.000000000000000000e+00 0.000000000000000000e+00 0.000000000000000000e+00 0.000000000000000000e+00 0.000000000000000000e+00 0.000000000000000000e+00 0.000000000000000000e+00 0.000000000000000000e+00 0.000000000000000000e+00 0.000000000000000000e+00 0.000000000000000000e+00 0.000000000000000000e+00
0.000000000000000000e+00 0.000000000000000000e+00 0.000000000000000000e+00 0.000000000000000000e+00 0.000000000000000000e+00 0.000000000000000000e+00 0.000000000000000000e+00 1.156476210532124058e-02 1.805383440479047669e-02 0.000000000000000000e+00 0.000000000000000000e+00 0.000000000000000000e+00 0.000000000000000000e+00 0.000000000000000000e+00 0.000000000000000000e+00 0.000000000000000000e+00 0.000000000000000000e+00 0.000000000000000000e+00
0.000000000000000000e+00 0.000000000000000000e+00 0.000000000000000000e+00 0.000000000000000000e+00 0.000000000000000000e+00 1.573244996971866205e-01 5.563964654696631484e-01 8.949309230432228590e-01 9.088753106122017256e-01 3.530592830902731238e-01 0.000000000000000000e+00 0.000000000000000000e+00 0.000000000000000000e+00 0.000000000000000000e+00 0.000000000000000000e+00 0.000000000000000000e+00 0.000000000000000000e+00 0.000000000000000000e+00
0.000000000000000000e+00 0.000000000000000000e+00 0.000000000000000000e+00 0.000000000000000000e+00 4.682976250072269642e-02 9.663220452165357521e-01 1.054448981516397987e+00 9.720963072340225164e-01 9.583720584260763120e-01 8.850682763837968148e-01 5.082577171565249435e-03 0.000000000000000000e+00 0.000000000000000000e+00 0.000000000000000000e+00 0.000000000000000000e+00 0.000000000000000000e+00 0.000000000000000000e+00 0.000000000000000000e+00
0.000000000000000000e+00 0.000000000000000000e+00 0.000000000000000000e+00 0.000000000000000000e+00 2.036184136308025749e-01 1.054781142234450630e+00 1.054781142234450630e+00 1.312769862141859090e+00 1.345216961357190044e+00 1.906069401054451884e+00 1.439560698347010836e+00 7.092928920791767844e-01 7.942303725475146070e-01 5.045765602390815951e-01 3.077452731565220347e-03 0.000000000000000000e+00 0.000000000000000000e+00 0.000000000000000000e+00
0.000000000000000000e+00 0.000000000000000000e+00 0.000000000000000000e+00 1.931488550962422446e-01 7.730100473724842436e-01 2.135585977740242392e+00 2.164588684964940057e+00 3.850021437243648315e+00 2.568411314907365295e+00 3.228709118069676531e+00 2.334632953613831052e+00 1.770942252304631426e+00 1.071207788375279968e+00 1.071207788375279968e+00 3.603459121031236667e-01 0.000000000000000000e+00 0.000000000000000000e+00 0.000000000000000000e+00
0.000000000000000000e+00 0.000000000000000000e+00 1.336822998440536092e-01 1.053601553536851698e+00 1.110157485560035795e+00 3.541099787710860980e+00 2.992087262246764467e+00 6.073846885828430686e+00 6.239516633574829996e+00 5.466048972341816636e+00 3.023961210736655580e+00 3.681386314629165657e+00 1.367643972768297855e+00 1.123405199495958851e+00 9.361979831005046160e-01 0.000000000000000000e+00 0.000000000000000000e+00 0.000000000000000000e+00
0.000000000000000000e+00 0.000000000000000000e+00 3.668758047051527971e-01 1.110157611550933066e+00 1.110157485560035795e+00 3.852923966246931009e+00 5.656974198709781909e+00 6.138025127936191261e+00 5.709501594092259324e+00 6.528237756450044671e+00 5.832718225711487570e+00 4.489286941928480879e+00 1.730528468156775856e+00 1.169081301317110855e+00 1.159027527467286545e+00 4.105213329546082007e-02 0.000000000000000000e+00 0.000000000000000000e+00
0.000000000000000000e+00 0.000000000000000000e+00 4.612444648127694280e-01 1.111702965143894994e+00 1.111574764542904381e+00 3.443486193912582483e+00 4.429105765595612532e+00 6.271821652309243156e+00 6.226343489495214101e+00 6.781993720140325976e+00 5.330893287866390828e+00 3.385681134142850102e+00 2.112596449883213268e+00 1.121705302411367899e+00 8.912081056607740193e-01 0.000000000000000000e+00 0.000000000000000000e+00 0.000000000000000000e+00
0.000000000000000000e+00 0.000000000000000000e+00 3.327627776858367303e-01 1.111761567958633234e+00 1.181783105800888745e+00 2.717478371876331344e+00 5.553567586176036741e+00 7.890193700346112671e+00 9.363687311867773033e+00 8.137069921850986987e+00 5.981426352295924787e+00 4.063416571546428102e+00 2.140933392387949663e+00 1.077624471813695139e+00 9.154443974331721856e-01 0.000000000000000000e+00 0.000000000000000000e+00 0.000000000000000000e+00
0.000000000000000000e+00 0.000000000000000000e+00 4.691352654525716807e-04 7.073835524295086774e-01 2.122339234742742775e+00 2.616217580868426484e+00 7.479893974102155063e+00 7.828311147283802285e+00 8.875665528490465306e+00 7.793569092818179556e+00 6.597672759351920213e+00 5.990455756424887923e+00 2.327580623429736040e+00 1.077624471813695139e+00 5.959994147419269694e-01 0.000000000000000000e+00 0.000000000000000000e+00 0.000000000000000000e+00
0.000000000000000000e+00 0.000000000000000000e+00 2.882573322700517429e-02 8.699073212864736337e-01 9.371827929194643803e-01 3.872236781692758978e+00 6.700598903151798069e+00 8.143958013989065492e+00 9.249966818998311524e+00 7.867110429475765443e+00 6.058032269388696989e+00 2.879307390535797317e+00 1.253286042177891080e+00 8.288602773899815812e-01 1.091068905820244926e-02 0.000000000000000000e+00 0.000000000000000000e+00 0.000000000000000000e+00
0.000000000000000000e+00 0.000000000000000000e+00 4.831880721867880951e-02 8.879762658073240278e-01 9.035805669182725985e-01 1.620317521429497365e+00 2.948203648139848809e+00 7.543725628626314794e+00 1.021075051443289183e+01 7.334364946365639071e+00 4.746381563213145860e+00 2.393058566778020424e+00 1.253421929081802499e+00 5.107441723547081480e-01 0.000000000000000000e+00 0.000000000000000000e+00 0.000000000000000000e+00 0.000000000000000000e+00
0.000000000000000000e+00 0.000000000000000000e+00 0.000000000000000000e+00 4.066955771698257394e-01 8.651754731264608145e-01 2.002735794848505169e+00 3.174678753576980039e+00 6.016689509155872528e+00 6.281240344074023874e+00 4.128495904155538909e+00 2.859854487582329075e+00 2.310186850313575846e+00 5.767136797764498279e-01 7.316836106867994662e-03 0.000000000000000000e+00 0.000000000000000000e+00 0.000000000000000000e+00 0.000000000000000000e+00
0.000000000000000000e+00 0.000000000000000000e+00 0.000000000000000000e+00 0.000000000000000000e+00 0.000000000000000000e+00 0.000000000000000000e+00 0.000000000000000000e+00 1.687066015645170003e-01 3.797951666691352202e+00 1.629460853160735967e+00 0.000000000000000000e+00 0.000000000000000000e+00 0.000000000000000000e+00 0.000000000000000000e+00 0.000000000000000000e+00 0.000000000000000000e+00 0.000000000000000000e+00 0.000000000000000000e+00
0.000000000000000000e+00 0.000000000000000000e+00 0.000000000000000000e+00 0.000000000000000000e+00 0.000000000000000000e+00 0.000000000000000000e+00 8.731096307473978912e-02 1.516900108051706279e-15 2.111783630615742702e+00 9.771815805236293562e-01 0.000000000000000000e+00 0.000000000000000000e+00 0.000000000000000000e+00 0.000000000000000000e+00 0.000000000000000000e+00 0.000000000000000000e+00 0.000000000000000000e+00 0.000000000000000000e+00
0.000000000000000000e+00 0.000000000000000000e+00 0.000000000000000000e+00 0.000000000000000000e+00 0.000000000000000000e+00 0.000000000000000000e+00 3.464354639151778770e-01 3.872403922388476527e-01 1.403746421865705196e+00 8.228858335075033281e-01 4.541897917034949383e-01 4.701378218754089788e-01 2.509827729515482636e-02 0.000000000000000000e+00 0.000000000000000000e+00 0.000000000000000000e+00 0.000000000000000000e+00 0.000000000000000000e+00
0.000000000000000000e+00 0.000000000000000000e+00 0.000000000000000000e+00 0.000000000000000000e+00 0.000000000000000000e+00 0.000000000000000000e+00 5.590710032170863319e-02 1.393423092537324992e+00 1.467042921190716109e+00 1.420004362311277690e+00 9.927819297218868355e-01 9.888909720528230585e-01 5.562117463823558206e-01 0.000000000000000000e+00 0.000000000000000000e+00 0.000000000000000000e+00 0.000000000000000000e+00 0.000000000000000000e+00
0.000000000000000000e+00 0.000000000000000000e+00 0.000000000000000000e+00 0.000000000000000000e+00 0.000000000000000000e+00 0.000000000000000000e+00 0.000000000000000000e+00 1.279194331018865149e+00 1.406191281230033674e+00 1.371107088470180146e+00 9.888909720528009650e-01 9.888909720528009650e-01 7.434382122230919210e-01 0.000000000000000000e+00 0.000000000000000000e+00 0.000000000000000000e+00 0.000000000000000000e+00 0.000000000000000000e+00
