0.000000000000000000e+00 0.000000000000000000e+00 0.000000000000000000e+00 0.000000000000000000e+00 0.000000000000000000e+00 0.000000000000000000e+00 0.000000000000000000e+00 0.000000000000000000e+00 0.000000000000000000e+00 0.000000000000000000e+00 0.000000000000000000e+00 0.000000000000000000e+00 0.000000000000000000e+00 0.000000000000000000e+00 0.000000000000000000e+00 0.000000000000000000e+00 0.000000000000000000e+00 0.000000000000000000e+00
0.000000000000000000e+00 0.000000000000000000e+00 0.000000000000000000e+00 0.000000000000000000e+00 0.000000000000000000e+00 0.000000000000000000e+00 0.000000000000000000e+00 0.000000000000000000e+00 0.000000000000000000e+00 0.000000000000000000e+00 0.000000000000000000e+00 0.000000000000000000e+00 0.000000000000000000e+00 0.000000000000000000e+00 0.000000000000000000e+00 0.000000000000000000e+00 0.000000000000000000e+00 0.000000000000000000e+00
0.000000000000000000e+00 0.000000000000000000e+00 0.000000000000000000e+00 0.000000000000000000e+00 0.000000000000000000e+00 0.000000000000000000e+00 0.000000000000000000e+00 0.000000000000000000e+00 0.000000000000000000e+00 0.000000000000000000e+00 0.000000000000000000e+00 0.000000000000000000e+00 0.000000000000000000e+00 0.000000000000000000e+00 0.000000000000000000e+00 0.000000000000000000e+00 0.000000000000000000e+00 0.000000000000000000e+00
0.000000000000000000e+00 0.000000000000000000e+00 0.000000000000000000e+00 0.000000000000000000e+00 0.000000000000000000e+00 0.000000000000000000e+00 0.000000000000000000e+00 0.000000000000000000e+00 0.000000000000000000e+00 0.000000000000000000e+00 0.000000000000000000e+00 0.000000000000000000e+00 0.000000000000000000e+00 0.000000000000000000e+00 0.000000000000000000e+00 0.000000000000000000e+00 0.000000000000000000e+00 0.000000000000000000e+00
0.000000000000000000e+00 0.000000000000000000e+00 0.000000000000000000e+00 0.000000000000000000e+00 0.000000000000000000e+00 0.000000000000000000e+00 0.000000000000000000e+00 0.000000000000000000e+00 0.000000000000000000e+00 0.000000000000000000e+00 0.000000000000000000e+00 0.000000000000000000e+00 0.000000000000000000e+00 0.000000000000000000e+00 0.000000000000000000e+00 0.000000000000000000e+00 0.000000000000000000e+00 0.000000000000000000e+00
0.000000000000000000e+00 0.000000000000000000e+00 0.000000000000000000e+00 0.000000000000000000e+00 0.000000000000000000e+00 0.000000000000000000e+00 0.000000000000000000e+00 0.000000000000000000e+00 0.000000000000000000e+00 0.000000000000000000e+00 0.000000000000000000e+00 0.000000000000000000e+00 0.000000000000000000e+00 0.000000000000000000e+00 0.000000000000000000e+00 0.000000000000000000e+00 0.000000000000000000e+00 0.000000000000000000e+00
0.000000000000000000e+00 0.000000000000000000e+00 0.000000000000000000e+00 0.000000000000000000e+00 0.000000000000000000e+00 0.000000000000000000e+00 0.000000000000000000e+00 0.000000000000000000e+00 0.000000000000000000e+00 0.000000000000000000e+00 0.000000000000000000e+00 0.000000000000000000e+00 0.000000000000000000e+00 0.000000000000000000e+00 0.000000000000000000e+00 0.000000000000000000e+00 0.000000000000000000e+00 0.000000000000000000e+00
0.000000000000000000e+00 0.000000000000000000e+00 0.000000000000000000e+00 0.000000000000000000e+00 0.000000000000000000e+00 0.000000000000000000e+00 0.000000000000000000e+00 1.811922102879411425e-02 2.211178245835070111e-02 0.000000000000000000e+00 0.000000000000000000e+00 0.000000000000000000e+00 0.000000000000000000e+00 0.000000000000000000e+00 0.000000000000000000e+00 0.000000000000000000e+00 0.000000000000000000e+00 0.000000000000000000e+00
0.000000000000000000e+00 0.000000000000000000e+00 0.000000000000000000e+00 0.000000000000000000e+00 0.000000000000000000e+00 1.708038608046119899e-01 5.751824665697450323e-01 9.216967560943589710e-01 9.281723046889340800e-01 3.535184639098269410e-01 0.000000000000000000e+00 0.000000000000000000e+00 0.000000000000000000e+00 0.000000000000000000e+00 0.000000000000000000e+00 0.000000000000000000e+00 0.000000000000000000e+00 0.000000000000000000e+00
0.000000000000000000e+00 0.000000000000000000e+00 0.000000000000000000e+00 0.000000000000000000e+00 6.150390249998032022e-02 9.842041212485947987e-01 1.061540728221523233e+00 9.843023827925302394e-01 9.731260730935102909e-01 8.979019701232412443e-01 4.969140350780144010e-03 0.000000000000000000e+00 0.000000000000000000e+00 0.000000000000000000e+00 0.000000000000000000e+00 0.000000000000000000e+00 0.000000000000000000e+00 0.000000000000000000e+00
0.000000000000000000e+00 0.000000000000000000e+00 0.000000000000000000e+00 0.000000000000000000e+00 2.270601235935528206e-01 1.062191049015575706e+00 1.062191049015575706e+00 1.465981195877434917e+00 1.441237112332160342e+00 1.981048541544678354e+00 1.530627868661807556e+00 7.732731826658421070e-01 8.129790436065724712e-01 5.364327878875968514e-01 6.826207462255113462e-03 0.000000000000000000e+00 0.000000000000000000e+00 0.000000000000000000e+00
0.000000000000000000e+00 0.000000000000000000e+00 0.000000000000000000e+00 2.215967989565404139e-01 7.603741195488773474e-01 2.176357448557399987e+00 2.243109184306024684e+00 4.043111277929798852e+00 2.641570253337507168e+00 3.312948397815122625e+00 2.402845328310991846e+00 1.828669893050627104e+00 1.072963778480193309e+00 1.072963778480193309e+00 3.898857501817233340e-01 0.000000000000000000e+00 0.000000000000000000e+00 0.000000000000000000e+00
0.000000000000000000e+00 0.000000000000000000e+00 1.628234746678357270e-01 1.050073574924427211e+00 1.087972654189025778e+00 3.470365642072041901e+00 3.215813327974793800e+00 6.006732765778024508e+00 6.345332142732416969e+00 5.363435212693349996e+00 3.228612390040013214e+00 3.699351603066322713e+00 1.504599690337707907e+00 1.152949075109555466e+00 9.424983241778798204e-01 0.000000000000000000e+00 0.000000000000000000e+00 0.000000000000000000e+00
0.000000000000000000e+00 0.000000000000000000e+00 3.922141442778402931e-01 1.087976211893312728e+00 1.087972654189025778e+00 3.679553602790824218e+00 5.502346761507326711e+00 6.256481507137344522e+00 5.800005485643273673e+00 6.548296687053809961e+00 5.659482607945643728e+00 4.380619080004018784e+00 1.784632000514409400e+00 1.230740382038994163e+00 1.206065036630332488e+00 2.046522567840437790e-02 0.000000000000000000e+00 0.000000000000000000e+00
0.000000000000000000e+00 0.000000000000000000e+00 4.645084142191038268e-01 1.114733154553255723e+00 1.113285018582652386e+00 3.329965973278919744e+00 4.274358715678999054e+00 6.425690539033257487e+00 6.338478773372981045e+00 6.568562060261737834e+00 5.160300065900274014e+00 3.676153309684743409e+00 2.099683547818786966e+00 1.170299400561111591e+00 9.193577883133546846e-01 0.000000000000000000e+00 0.000000000000000000e+00 0.000000000000000000e+00
0.000000000000000000e+00 0.000000000000000000e+00 2.966630242980716203e-01 1.114504006672551562e+00 1.221276089050518321e+00 2.623654578930712855e+00 5.633500896696902238e+00 8.049159026601500955e+00 9.568523245154461065e+00 8.249864557185379255e+00 5.973172244469020065e+00 3.948687462234008017e+00 2.075172408276451552e+00 1.128245185112328741e+00 9.113357358988748436e-01 0.000000000000000000e+00 0.000000000000000000e+00 0.000000000000000000e+00
0.000000000000000000e+00 0.000000000000000000e+00 0.000000000000000000e+00 6.610782467488564018e-01 2.050024047480958789e+00 2.836925968164065726e+00 7.694488263482803347e+00 7.688011945288035776e+00 8.759539365067745109e+00 7.760887032325499924e+00 6.622911779286249967e+00 5.747394028231564533e+00 2.419992691147612174e+00 1.126985923561634850e+00 4.581264535789437153e-01 0.000000000000000000e+00 0.000000000000000000e+00 0.000000000000000000e+00
0.000000000000000000e+00 0.000000000000000000e+00 3.166333124042808311e-02 8.805974508576658311e-01 9.136196846606041699e-01 4.038789350262770306e+00 6.528758140015240130e+00 7.891028475287487076e+00 9.156017391256201066e+00 7.975420344646721560e+00 5.988990759145675469e+00 2.702867694599128789e+00 1.212395012255180315e+00 6.966371889494543668e-01 0.000000000000000000e+00 0.000000000000000000e+00 0.000000000000000000e+00 0.000000000000000000e+00
0.000000000000000000e+00 0.000000000000000000e+00 4.226582124133328178e-02 8.901506205281779494e-01 9.105087827454412253e-01 1.665751724282848567e+00 3.142030986546096472e+00 7.872751720209161697e+00 1.050540438721187186e+01 7.311002630696458837e+00 4.665598821546359964e+00 2.288231438271782991e+00 1.212395012255180315e+00 4.206103179207660303e-01 0.000000000000000000e+00 0.000000000000000000e+00 0.000000000000000000e+00 0.000000000000000000e+00
0.000000000000000000e+00 0.000000000000000000e+00 0.000000000000000000e+00 3.779779319430892626e-01 8.579703388787108809e-01 2.118931495120256248e+00 3.410456305802361587e+00 6.220304468274547638e+00 6.087089273347195295e+00 4.323142787027173917e+00 2.645195833518532158e+00 1.925332601678322986e+00 4.693084897340141781e-01 2.258214059373366879e-04 0.000000000000000000e+00 0.000000000000000000e+00 0.000000000000000000e+00 0.000000000000000000e+00
0.000000000000000000e+00 0.000000000000000000e+00 0.000000000000000000e+00 0.000000000000000000e+00 0.000000000000000000e+00 0.000000000000000000e+00 0.000000000000000000e+00 1.657358541401627583e-01 4.327155986970545598e+00 2.210410424381171968e+00 0.000000000000000000e+00 0.000000000000000000e+00 0.000000000000000000e+00 0.000000000000000000e+00 0.000000000000000000e+00 0.000000000000000000e+00 0.000000000000000000e+00 0.000000000000000000e+00
0.000000000000000000e+00 0.000000000000000000e+00 0.000000000000000000e+00 0.000000000000000000e+00 0.000000000000000000e+00 0.000000000000000000e+00 0.000000000000000000e+00 0.000000000000000000e+00 2.342924521978658969e+00 1.004110509419433139e+00 0.000000000000000000e+00 0.000000000000000000e+00 0.000000000000000000e+00 0.000000000000000000e+00 0.000000000000000000e+00 0.000000000000000000e+00 0.000000000000000000e+00 0.000000000000000000e+00
0.000000000000000000e+00 0.000000000000000000e+00 0.000000000000000000e+00 0.000000000000000000e+00 0.000000000000000000e+00 0.000000000000000000e+00 6.465137742191252174e-03 2.670773830431756313e-01 1.971593363875771221e+00 1.007799415736083670e+00 4.839659954478889858e-01 2.940271130782751152e-01 0.000000000000000000e+00 0.000000000000000000e+00 0.000000000000000000e+00 0.000000000000000000e+00 0.000000000000000000e+00 0.000000000000000000e+00
0.000000000000000000e+00 0.000000000000000000e+00 0.000000000000000000e+00 0.000000000000000000e+00 0.000000000000000000e+00 0.000000000000000000e+00 1.855778232518370541e-01 1.069117202410824863e+00 1.069117202410824863e+00 1.058231261392464928e+00 1.042396973563385121e+00 1.005541298123623584e+00 4.264708086640939949e-02 0.000000000000000000e+00 0.000000000000000000e+00 0.000000000000000000e+00 0.000000000000000000e+00 0.000000000000000000e+00
0.000000000000000000e+00 0.000000000000000000e+00 0.000000000000000000e+00 0.000000000000000000e+00 0.000000000000000000e+00 0.000000000000000000e+00 7.098006483376351206e-02 1.031267282018397013e+00 1.069117202410801104e+00 1.050709121920951006e+00 1.042396973563362028e+00 1.039585242029702039e+00 9.631755625310803315e-02 0.000000000000000000e+00 0.000000000000000000e+00 0.000000000000000000e+00 0.000000000000000000e+00 0.000000000000000000e+00
