0.000000000000000000e+00 0.000000000000000000e+00 0.000000000000000000e+00 0.000000000000000000e+00 0.000000000000000000e+00 0.000000000000000000e+00 0.000000000000000000e+00 0.000000000000000000e+00 0.000000000000000000e+00 0.000000000000000000e+00 0.000000000000000000e+00 0.000000000000000000e+00 0.000000000000000000e+00 0.000000000000000000e+00 0.000000000000000000e+00 0.000000000000000000e+00 0.000000000000000000e+00 0.000000000000000000e+00
0.000000000000000000e+00 0.000000000000000000e+00 0.000000000000000000e+00 0.000000000000000000e+00 0.000000000000000000e+00 0.000000000000000000e+00 0.000000000000000000e+00 0.000000000000000000e+00 0.000000000000000000e+00 0.000000000000000000e+00 0.000000000000000000e+00 0.000000000000000000e+00 0.000000000000000000e+00 0.000000000000000000e+00 0.000000000000000000e+00 0.000000000000000000e+00 0.000000000000000000e+00 0.000000000000000000e+00
0.000000000000000000e+00 0.000000000000000000e+00 0.000000000000000000e+00 0.000000000000000000e+00 0.000000000000000000e+00 0.000000000000000000e+00 0.000000000000000000e+00 0.000000000000000000e+00 0.000000000000000000e+00 0.000000000000000000e+00 0.000000000000000000e+00 0.000000000000000000e+00 0.000000000000000000e+00 0.000000000000000000e+00 0.000000000000000000e+00 0.000000000000000000e+00 0.000000000000000000e+00 0.000000000000000000e+00
0.000000000000000000e+00 0.000000000000000000e+00 0.000000000000000000e+00 0.000000000000000000e+00 0.000000000000000000e+00 0.000000000000000000e+00 0.000000000000000000e+00 0.000000000000000000e+00 0.000000000000000000e+00 0.000000000000000000e+00 0.000000000000000000e+00 0.000000000000000000e+00 0.000000000000000000e+00 0.000000000000000000e+00 0.000000000000000000e+00 0.000000000000000000e+00 0.000000000000000000e+00 0.000000000000000000e+00
0.000000000000000000e+00 0.000000000000000000e+00 0.000000000000000000e+00 0.000000000000000000e+00 0.000000000000000000e+00 0.000000000000000000e+00 0.000000000000000000e+00 0.000000000000000000e+00 0.000000000000000000e+00 0.000000000000000000e+00 0.000000000000000000e+00 0.000000000000000000e+00 0.000000000000000000e+00 0.000000000000000000e+00 0.000000000000000000e+00 0.000000000000000000e+00 0.000000000000000000e+00 0.000000000000000000e+00
0.000000000000000000e+00 0.000000000000000000e+00 0.000000000000000000e+00 0.000000000000000000e+00 0.000000000000000000e+00 0.000000000000000000e+00 0.000000000000000000e+00 0.000000000000000000e+00 0.000000000000000000e+00 0.000000000000000000e+00 0.000000000000000000e+00 0.000000000000000000e+00 0.000000000000000000e+00 0.000000000000000000e+00 0.000000000000000000e+00 0.000000000000000000e+00 0.000000000000000000e+00 0.000000000000000000e+00
0.000000000000000000e+00 0.000000000000000000e+00 0.000000000000000000e+00 0.000000000000000000e+00 0.000000000000000000e+00 0.000000000000000000e+00 0.000000000000000000e+00 0.000000000000000000e+00 0.000000000000000000e+00 0.000000000000000000e+00 0.000000000000000000e+00 0.000000000000000000e+00 0.000000000000000000e+00 0.000000000000000000e+00 0.000000000000000000e+00 0.000000000000000000e+00 0.000000000000000000e+00 0.000000000000000000e+00
0.000000000000000000e+00 0.000000000000000000e+00 0.000000000000000000e+00 0.000000000000000000e+00 0.000000000000000000e+00 0.000000000000000000e+00 0.000000000000000000e+00 1.076229624324585160e-02 1.796191078346564413e-02 0.000000000000000000e+00 0.000000000000000000e+00 0.000000000000000000e+00 0.000000000000000000e+00 0.000000000000000000e+00 0.000000000000000000e+00 0.000000000000000000e+00 0.000000000000000000e+00 0.000000000000000000e+00
0.000000000000000000e+00 0.000000000000000000e+00 0.000000000000000000e+00 0.000000000000000000e+00 0.000000000000000000e+00 1.556499640083839620e-01 5.527432113010567472e-01 8.902535950461901715e-01 9.062860856093396533e-01 3.554297827255721853e-01 0.000000000000000000e+00 0.000000000000000000e+00 0.000000000000000000e+00 0.000000000000000000e+00 0.000000000000000000e+00 0.000000000000000000e+00 0.000000000000000000e+00 0.000000000000000000e+00
0.000000000000000000e+00 0.000000000000000000e+00 0.000000000000000000e+00 0.000000000000000000e+00 4.576257062144249710e-02 9.629075726115046141e-01 1.051977006472048615e+00 9.695816601410200963e-01 9.555019686105050702e-01 8.853130964112523316e-01 6.210766455551232530e-03 0.000000000000000000e+00 0.000000000000000000e+00 0.000000000000000000e+00 0.000000000000000000e+00 0.000000000000000000e+00 0.000000000000000000e+00 0.000000000000000000e+00
0.000000000000000000e+00 0.000000000000000000e+00 0.000000000000000000e+00 0.000000000000000000e+00 2.018830961785400835e-01 1.052257233033369266e+00 1.052257233033369266e+00 1.293616429887001873e+00 1.333717964974960424e+00 1.896808829701068566e+00 1.429237123487681060e+00 7.035157640200122575e-01 7.940391903638156501e-01 4.984608144535447316e-01 2.389001600720091264e-03 0.000000000000000000e+00 0.000000000000000000e+00 0.000000000000000000e+00
0.000000000000000000e+00 0.000000000000000000e+00 0.000000000000000000e+00 1.935484361954002697e-01 7.767501285012774481e-01 2.124573452722474443e+00 2.147940293285746094e+00 3.823202759333693024e+00 2.563755057914361757e+00 3.228548545934259995e+00 2.330177993374337841e+00 1.746803815823347872e+00 1.070737494528485323e+00 1.070737494528485323e+00 3.503659544752144028e-01 0.000000000000000000e+00 0.000000000000000000e+00 0.000000000000000000e+00
0.000000000000000000e+00 0.000000000000000000e+00 1.346380495034045777e-01 1.055156919585518827e+00 1.111516290962812237e+00 3.543657182908797942e+00 2.951142922468611207e+00 6.070298142065947644e+00 6.209795043202289477e+00 5.483883440190499670e+00 3.023187714459809161e+00 3.665332038489929722e+00 1.344320415952012127e+00 1.118099970071615212e+00 9.344649037352479315e-01 0.000000000000000000e+00 0.000000000000000000e+00 0.000000000000000000e+00
0.000000000000000000e+00 0.000000000000000000e+00 3.687303833764662420e-01 1.111516295527670062e+00 1.111516290962812237e+00 3.862987475712804208e+00 5.667237914374301688e+00 6.126789927589549656e+00 5.708259517496842683e+00 6.546638769558358995e+00 5.880969085796996509e+00 4.501803795491726490e+00 1.721251070341401235e+00 1.157882639955519322e+00 1.149150649960445136e+00 4.451887434051068904e-02 0.000000000000000000e+00 0.000000000000000000e+00
0.000000000000000000e+00 0.000000000000000000e+00 4.644971808063465546e-01 1.111637160498512245e+00 1.111626897523035673e+00 3.445678527157271631e+00 4.459789838927266103e+00 6.197768137009745715e+00 6.221610347765142102e+00 6.812848118187730506e+00 5.371762320892311315e+00 3.353034637404334273e+00 2.119796613113161587e+00 1.113738288425386802e+00 8.861604710733718138e-01 0.000000000000000000e+00 0.000000000000000000e+00 0.000000000000000000e+00
0.000000000000000000e+00 0.000000000000000000e+00 3.401913836171380212e-01 1.111641992664099465e+00 1.177320418703156513e+00 2.734933773558041015e+00 5.533957273739502192e+00 7.841772142390601275e+00 9.342805987323121286e+00 8.135875670685848604e+00 6.010648090251949682e+00 4.081681497595569752e+00 2.159694349693377813e+00 1.070803774805433317e+00 9.167657959853395822e-01 0.000000000000000000e+00 0.000000000000000000e+00 0.000000000000000000e+00
0.000000000000000000e+00 0.000000000000000000e+00 8.694520974986306387e-04 7.168976383126324237e-01 2.127124592221308230e+00 2.589321668439418023e+00 7.406424415846137421e+00 7.837550373095491629e+00 8.885871877112329287e+00 7.791898944273634164e+00 6.623184779060579785e+00 6.000383931821972716e+00 2.293287287958552856e+00 1.070803774805433317e+00 6.176308717120986280e-01 0.000000000000000000e+00 0.000000000000000000e+00 0.000000000000000000e+00
0.000000000000000000e+00 0.000000000000000000e+00 2.904065542749925677e-02 8.696499640758382776e-01 9.437060770887639727e-01 3.842724073291011511e+00 6.740505119879478535e+00 8.200172051751847491e+00 9.266799609703143759e+00 7.842886908183513306e+00 6.059077418994182729e+00 2.864680941605020958e+00 1.263172761118919629e+00 8.564635965963942610e-01 1.659418551510702042e-02 0.000000000000000000e+00 0.000000000000000000e+00 0.000000000000000000e+00
0.000000000000000000e+00 0.000000000000000000e+00 4.935248014905505021e-02 8.882539587670436054e-01 9.032142916369404473e-01 1.627321843223475950e+00 2.926543886902540414e+00 7.459958711756407013e+00 1.008168448195440448e+01 7.333791912105790622e+00 4.726799764252469949e+00 2.402372199757384585e+00 1.263459248701093163e+00 5.333072204430319152e-01 0.000000000000000000e+00 0.000000000000000000e+00 0.000000000000000000e+00 0.000000000000000000e+00
0.000000000000000000e+00 0.000000000000000000e+00 0.000000000000000000e+00 4.097384437572199611e-01 8.663781371552111699e-01 1.985930360352821111e+00 3.152400509801494888e+00 5.952542637221753807e+00 6.282278386839485584e+00 4.223205423029928518e+00 2.917414462226985084e+00 2.403349052896626592e+00 5.939907807164324094e-01 9.760659071206309600e-03 0.000000000000000000e+00 0.000000000000000000e+00 0.000000000000000000e+00 0.000000000000000000e+00
0.000000000000000000e+00 0.000000000000000000e+00 0.000000000000000000e+00 0.000000000000000000e+00 0.000000000000000000e+00 0.000000000000000000e+00 0.000000000000000000e+00 1.682540717769359928e-01 3.709293481627257361e+00 1.549036389713600137e+00 0.000000000000000000e+00 0.000000000000000000e+00 0.000000000000000000e+00 0.000000000000000000e+00 0.000000000000000000e+00 0.000000000000000000e+00 0.000000000000000000e+00 0.000000000000000000e+00
0.000000000000000000e+00 0.000000000000000000e+00 0.000000000000000000e+00 0.000000000000000000e+00 0.000000000000000000e+00 0.000000000000000000e+00 3.640285594093425198e-02 9.937072103977086021e-16 2.209818779240114939e+00 1.004874926541429625e+00 0.000000000000000000e+00 0.000000000000000000e+00 0.000000000000000000e+00 0.000000000000000000e+00 0.000000000000000000e+00 0.000000000000000000e+00 0.000000000000000000e+00 0.000000000000000000e+00
0.000000000000000000e+00 0.000000000000000000e+00 0.000000000000000000e+00 0.000000000000000000e+00 0.000000000000000000e+00 0.000000000000000000e+00 2.992635011109809340e-01 3.622511450688161161e-01 1.313160400874348488e+00 7.697836832711895116e-01 4.303048002816360906e-01 4.733619548497053908e-01 4.758493513677513470e-02 0.000000000000000000e+00 0.000000000000000000e+00 0.000000000000000000e+00 0.000000000000000000e+00 0.000000000000000000e+00
0.000000000000000000e+00 0.000000000000000000e+00 0.000000000000000000e+00 0.000000000000000000e+00 0.000000000000000000e+00 0.000000000000000000e+00 7.601848210624767566e-02 1.378196687369958928e+00 1.472830298401770710e+00 1.483125343960607578e+00 9.988211434223730478e-01 9.836414263210156994e-01 6.549975794913139859e-01 0.000000000000000000e+00 0.000000000000000000e+00 0.000000000000000000e+00 0.000000000000000000e+00 0.000000000000000000e+00
0.000000000000000000e+00 0.000000000000000000e+00 0.000000000000000000e+00 0.000000000000000000e+00 0.000000000000000000e+00 0.000000000000000000e+00 0.000000000000000000e+00 1.304259461637706785e+00 1.503370046785443837e+00 1.503370046785443837e+00 9.867203073410943936e-01 9.836414263209938280e-01 8.633929936449539211e-01 0.000000000000000000e+00 0.000000000000000000e+00 0.000000000000000000e+00 0.000000000000000000e+00 0.000000000000000000e+00
