0.000000000000000000e+00 0.000000000000000000e+00 0.000000000000000000e+00 0.000000000000000000e+00 0.000000000000000000e+00 0.000000000000000000e+00 0.000000000000000000e+00 0.000000000000000000e+00 0.000000000000000000e+00 0.000000000000000000e+00 0.000000000000000000e+00 0.000000000000000000e+00 0.000000000000000000e+00 0.000000000000000000e+00 0.000000000000000000e+00 0.000000000000000000e+00 0.000000000000000000e+00 0.000000000000000000e+00
0.000000000000000000e+00 0.000000000000000000e+00 0.000000000000000000e+00 0.000000000000000000e+00 0.000000000000000000e+00 0.000000000000000000e+00 0.000000000000000000e+00 0.000000000000000000e+00 0.000000000000000000e+00 0.000000000000000000e+00 0.000000000000000000e+00 0.000000000000000000e+00 0.000000000000000000e+00 0.000000000000000000e+00 0.000000000000000000e+00 0.000000000000000000e+00 0.000000000000000000e+00 0.000000000000000000e+00
0.000000000000000000e+00 0.000000000000000000e+00 0.000000000000000000e+00 0.000000000000000000e+00 0.000000000000000000e+00 0.000000000000000000e+00 0.000000000000000000e+00 0.000000000000000000e+00 0.000000000000000000e+00 0.000000000000000000e+00 0.000000000000000000e+00 0.000000000000000000e+00 0.000000000000000000e+00 0.000000000000000000e+00 0.000000000000000000e+00 0.000000000000000000e+00 0.000000000000000000e+00 0.000000000000000000e+00
0.000000000000000000e+00 0.000000000000000000e+00 0.000000000000000000e+00 0.000000000000000000e+00 0.000000000000000000e+00 0.000000000000000000e+00 0.000000000000000000e+00 0.000000000000000000e+00 0.000000000000000000e+00 0.000000000000000000e+00 0.000000000000000000e+00 0.000000000000000000e+00 0.000000000000000000e+00 0.000000000000000000e+00 0.000000000000000000e+00 0.000000000000000000e+00 0.000000000000000000e+00 0.000000000000000000e+00
0.000000000000000000e+00 0.000000000000000000e+00 0.000000000000000000e+00 0.000000000000000000e+00 0.000000000000000000e+00 0.000000000000000000e+00 0.000000000000000000e+00 0.000000000000000000e+00 0.000000000000000000e+00 0.000000000000000000e+00 0.000000000000000000e+00 0.000000000000000000e+00 0.000000000000000000e+00 0.000000000000000000e+00 0.000000000000000000e+00 0.000000000000000000e+00 0.000000000000000000e+00 0.000000000000000000e+00
0.000000000000000000e+00 0.000000000000000000e+00 0.000000000000000000e+00 0.000000000000000000e+00 0.000000000000000000e+00 0.000000000000000000e+00 0.000000000000000000e+00 0.000000000000000000e+00 0.000000000000000000e+00 0.000000000000000000e+00 0.000000000000000000e+00 0.000000000000000000e+00 0.000000000000000000e+00 0.000000000000000000e+00 0.000000000000000000e+00 0.000000000000000000e+00 0.000000000000000000e+00 0.000000000000000000e+00
0.000000000000000000e+00 0.000000000000000000e+00 0.000000000000000000e+00 0.000000000000000000e+00 0.000000000000000000e+00 0.000000000000000000e+00 0.000000000000000000e+00 0.000000000000000000e+00 0.000000000000000000e+00 0.000000000000000000e+00 0.000000000000000000e+00 0.000000000000000000e+00 0.000000000000000000e+00 0.000000000000000000e+00 0.000000000000000000e+00 0.000000000000000000e+00 0.000000000000000000e+00 0.000000000000000000e+00
0.000000000000000000e+00 0.000000000000000000e+00 0.000000000000000000e+00 0.000000000000000000e+00 0.000000000000000000e+00 0.000000000000000000e+00 0.000000000000000000e+00 2.052336182911409720e-02 2.481968632276475989e-02 0.000000000000000000e+00 0.000000000000000000e+00 0.000000000000000000e+00 0.000000000000000000e+00 0.000000000000000000e+00 0.000000000000000000e+00 0.000000000000000000e+00 0.000000000000000000e+00 0.000000000000000000e+00
0.000000000000000000e+00 0.000000000000000000e+00 0.000000000000000000e+00 0.000000000000000000e+00 0.000000000000000000e+00 1.749922221942901146e-01 5.787651586618013377e-01 9.253291518660785586e-01 9.316298070106374674e-01 3.585825026258734893e-01 0.000000000000000000e+00 0.000000000000000000e+00 0.000000000000000000e+00 0.000000000000000000e+00 0.000000000000000000e+00 0.000000000000000000e+00 0.000000000000000000e+00 0.000000000000000000e+00
0.000000000000000000e+00 0.000000000000000000e+00 0.000000000000000000e+00 0.000000000000000000e+00 6.671227357334029440e-02 9.873960796581738864e-01 1.061017011992991366e+00 9.838397073095624945e-01 9.728997700532103776e-01 9.011540084888826074e-01 5.674858576392006679e-03 0.000000000000000000e+00 0.000000000000000000e+00 0.000000000000000000e+00 0.000000000000000000e+00 0.000000000000000000e+00 0.000000000000000000e+00 0.000000000000000000e+00
0.000000000000000000e+00 0.000000000000000000e+00 0.000000000000000000e+00 0.000000000000000000e+00 2.348376000609366798e-01 1.061730505588003748e+00 1.061730505588003748e+00 1.504405257063721635e+00 1.461426047913798598e+00 1.995553436869424546e+00 1.546587480008350779e+00 7.866317482243915249e-01 8.162120874202604126e-01 5.401938259218249661e-01 7.237672167176461592e-03 0.000000000000000000e+00 0.000000000000000000e+00 0.000000000000000000e+00
0.000000000000000000e+00 0.000000000000000000e+00 0.000000000000000000e+00 2.283945667296296000e-01 7.631417244336125005e-01 2.170778178237057432e+00 2.242169335621170934e+00 4.059338054219803205e+00 2.666088556151868350e+00 3.338186491900105857e+00 2.401739827078577694e+00 1.825833673537739621e+00 1.074812155642846045e+00 1.074812155642846045e+00 3.929126790201710184e-01 0.000000000000000000e+00 0.000000000000000000e+00 0.000000000000000000e+00
0.000000000000000000e+00 0.000000000000000000e+00 1.750725139009026710e-01 1.050525801750454846e+00 1.083773194272858120e+00 3.460325979262783846e+00 3.231556355608566022e+00 5.974152481326516551e+00 6.351001412909479171e+00 5.365682957041892465e+00 3.295838040282715209e+00 3.684800542881290664e+00 1.523651546844733140e+00 1.158846852144647332e+00 9.458087788459288436e-01 0.000000000000000000e+00 0.000000000000000000e+00 0.000000000000000000e+00
0.000000000000000000e+00 0.000000000000000000e+00 4.073216529041889800e-01 1.083773194272858120e+00 1.083773194272858120e+00 3.659724404354433247e+00 5.471698717859118766e+00 6.271728751382609879e+00 5.836168217340958364e+00 6.576190929513834327e+00 5.628417563634057430e+00 4.349342390975955652e+00 1.796010174090888700e+00 1.240549315727110136e+00 1.212191508288190223e+00 1.765369035928782138e-02 0.000000000000000000e+00 0.000000000000000000e+00
0.000000000000000000e+00 0.000000000000000000e+00 4.690268741225761540e-01 1.120249375841739781e+00 1.118702391449580613e+00 3.299267441175611992e+00 4.267039134388819654e+00 6.398189014435327060e+00 6.354656110267534075e+00 6.538161707008677936e+00 5.132456723371998208e+00 3.719283678501685841e+00 2.109516794090930070e+00 1.176349381497206359e+00 9.225775090284088487e-01 0.000000000000000000e+00 0.000000000000000000e+00 0.000000000000000000e+00
0.000000000000000000e+00 0.000000000000000000e+00 2.895348418094294551e-01 1.119393460432710929e+00 1.235247312943084985e+00 2.614837024022117262e+00 5.642923107555556150e+00 8.071152241527578042e+00 9.617822617672349139e+00 8.287068998767987082e+00 5.986263996742533955e+00 3.930084581731008608e+00 2.070617914628774869e+00 1.133902380292785006e+00 9.122394549129883012e-01 0.000000000000000000e+00 0.000000000000000000e+00 0.000000000000000000e+00
0.000000000000000000e+00 0.000000000000000000e+00 0.000000000000000000e+00 6.549888373106677042e-01 2.027491936249689708e+00 2.886452990412258224e+00 7.677183293372211281e+00 7.689134644812645192e+00 8.738126940005299659e+00 7.737871067089165500e+00 6.644446103183924812e+00 5.682406666192560074e+00 2.420889791741001940e+00 1.131104423355469679e+00 4.428398494286431841e-01 0.000000000000000000e+00 0.000000000000000000e+00 0.000000000000000000e+00
0.000000000000000000e+00 0.000000000000000000e+00 3.342117411176736413e-02 8.838094596902907885e-01 9.162293689290771370e-01 4.035494506664686121e+00 6.532267963641743336e+00 7.876123240729472563e+00 9.158190886993494928e+00 7.979226611612586950e+00 5.959130515597220068e+00 2.646417379798688074e+00 1.204037947829553534e+00 6.835357441511907828e-01 0.000000000000000000e+00 0.000000000000000000e+00 0.000000000000000000e+00 0.000000000000000000e+00
0.000000000000000000e+00 0.000000000000000000e+00 4.137661427462386438e-02 8.907187594166691147e-01 9.119096368830368338e-01 1.680789800642610521e+00 3.185918402173311126e+00 7.896959186055463320e+00 1.047904880088852231e+01 7.289409795647268986e+00 4.615524463767348706e+00 2.260109031591581719e+00 1.204037947829553534e+00 4.148506327235454982e-01 0.000000000000000000e+00 0.000000000000000000e+00 0.000000000000000000e+00 0.000000000000000000e+00
0.000000000000000000e+00 0.000000000000000000e+00 0.000000000000000000e+00 3.703920892284183197e-01 8.563348664792633791e-01 2.139488684113158623e+00 3.470671231259598866e+00 6.240834493145442252e+00 6.053836421003335744e+00 4.488194903431889315e+00 2.626466684994005263e+00 1.884990263825732315e+00 4.586201459056599150e-01 1.105453643060104409e-04 0.000000000000000000e+00 0.000000000000000000e+00 0.000000000000000000e+00 0.000000000000000000e+00
0.000000000000000000e+00 0.000000000000000000e+00 0.000000000000000000e+00 0.000000000000000000e+00 0.000000000000000000e+00 0.000000000000000000e+00 0.000000000000000000e+00 1.646807996108886063e-01 4.277061975365642255e+00 2.255159841923483732e+00 0.000000000000000000e+00 0.000000000000000000e+00 0.000000000000000000e+00 0.000000000000000000e+00 0.000000000000000000e+00 0.000000000000000000e+00 0.000000000000000000e+00 0.000000000000000000e+00
0.000000000000000000e+00 0.000000000000000000e+00 0.000000000000000000e+00 0.000000000000000000e+00 0.000000000000000000e+00 0.000000000000000000e+00 0.000000000000000000e+00 0.000000000000000000e+00 2.376493216918276197e+00 1.018497092964983253e+00 0.000000000000000000e+00 0.000000000000000000e+00 0.000000000000000000e+00 0.000000000000000000e+00 0.000000000000000000e+00 0.000000000000000000e+00 0.000000000000000000e+00 0.000000000000000000e+00
0.000000000000000000e+00 0.000000000000000000e+00 0.000000000000000000e+00 0.000000000000000000e+00 0.000000000000000000e+00 0.000000000000000000e+00 2.404750877570822898e-02 2.676923130925625283e-01 1.839482701116694319e+00 9.623537476264018009e-01 4.892440634300960212e-01 2.573697080852052066e-01 0.000000000000000000e+00 0.000000000000000000e+00 0.000000000000000000e+00 0.000000000000000000e+00 0.000000000000000000e+00 0.000000000000000000e+00
0.000000000000000000e+00 0.000000000000000000e+00 0.000000000000000000e+00 0.000000000000000000e+00 0.000000000000000000e+00 0.000000000000000000e+00 2.249586973576015447e-01 1.070769252370163738e+00 1.070769252370163738e+00 1.060934754830774818e+00 1.049176043376345069e+00 9.640639744061700878e-01 8.859356870238817294e-03 0.000000000000000000e+00 0.000000000000000000e+00 0.000000000000000000e+00 0.000000000000000000e+00 0.000000000000000000e+00
0.000000000000000000e+00 0.000000000000000000e+00 0.000000000000000000e+00 0.000000000000000000e+00 0.000000000000000000e+00 0.000000000000000000e+00 6.929337469486528123e-02 1.007708607069521589e+00 1.070769252370139979e+00 1.053359969450333278e+00 1.049176043376321754e+00 1.014950403856343497e+00 3.147990967057367334e-02 0.000000000000000000e+00 0.000000000000000000e+00 0.000000000000000000e+00 0.000000000000000000e+00 0.000000000000000000e+00
