0.000000000000000000e+00 0.000000000000000000e+00 0.000000000000000000e+00 0.000000000000000000e+00 0.000000000000000000e+00 0.000000000000000000e+00 0.000000000000000000e+00 0.000000000000000000e+00 0.000000000000000000e+00 0.000000000000000000e+00 0.000000000000000000e+00 0.000000000000000000e+00 0.000000000000000000e+00 0.000000000000000000e+00 0.000000000000000000e+00 0.000000000000000000e+00 0.000000000000000000e+00 0.000000000000000000e+00
0.000000000000000000e+00 0.000000000000000000e+00 0.000000000000000000e+00 0.000000000000000000e+00 0.000000000000000000e+00 0.000000000000000000e+00 0.000000000000000000e+00 0.000000000000000000e+00 0.000000000000000000e+00 0.000000000000000000e+00 0.000000000000000000e+00 0.000000000000000000e+00 0.000000000000000000e+00 0.000000000000000000e+00 0.000000000000000000e+00 0.000000000000000000e+00 0.000000000000000000e+00 0.000000000000000000e+00
0.000000000000000000e+00 0.000000000000000000e+00 0.000000000000000000e+00 0.000000000000000000e+00 0.000000000000000000e+00 0.000000000000000000e+00 0.000000000000000000e+00 0.000000000000000000e+00 0.000000000000000000e+00 0.000000000000000000e+00 0.000000000000000000e+00 0.000000000000000000e+00 0.000000000000000000e+00 0.000000000000000000e+00 0.000000000000000000e+00 0.000000000000000000e+00 0.000000000000000000e+00 0.000000000000000000e+00
0.000000000000000000e+00 0.000000000000000000e+00 0.000000000000000000e+00 0.000000000000000000e+00 0.000000000000000000e+00 0.000000000000000000e+00 0.000000000000000000e+00 0.000000000000000000e+00 0.000000000000000000e+00 0.000000000000000000e+00 0.000000000000000000e+00 0.000000000000000000e+00 0.000000000000000000e+00 0.000000000000000000e+00 0.000000000000000000e+00 0.000000000000000000e+00 0.000000000000000000e+00 0.000000000000000000e+00
0.000000000000000000e+00 0.000000000000000000e+00 0.000000000000000000e+00 0.000000000000000000e+00 0.000000000000000000e+00 0.000000000000000000e+00 0.000000000000000000e+00 0.000000000000000000e+00 0.000000000000000000e+00 0.000000000000000000e+00 0.000000000000000000e+00 0.000000000000000000e+00 0.000000000000000000e+00 0.000000000000000000e+00 0.000000000000000000e+00 0.000000000000000000e+00 0.000000000000000000e+00 0.000000000000000000e+00
0.000000000000000000e+00 0.000000000000000000e+00 0.000000000000000000e+00 0.000000000000000000e+00 0.000000000000000000e+00 0.000000000000000000e+00 0.000000000000000000e+00 0.000000000000000000e+00 0.000000000000000000e+00 0.000000000000000000e+00 0.000000000000000000e+00 0.000000000000000000e+00 0.000000000000000000e+00 0.000000000000000000e+00 0.000000000000000000e+00 0.000000000000000000e+00 0.000000000000000000e+00 0.000000000000000000e+00
0.000000000000000000e+00 0.000000000000000000e+00 0.000000000000000000e+00 0.000000000000000000e+00 0.000000000000000000e+00 0.000000000000000000e+00 0.000000000000000000e+00 0.000000000000000000e+00 0.000000000000000000e+00 0.000000000000000000e+00 0.000000000000000000e+00 0.000000000000000000e+00 0.000000000000000000e+00 0.000000000000000000e+00 0.000000000000000000e+00 0.000000000000000000e+00 0.000000000000000000e+00 0.000000000000000000e+00
0.000000000000000000e+00 0.000000000000000000e+00 0.000000000000000000e+00 0.000000000000000000e+00 0.000000000000000000e+00 0.000000000000000000e+00 0.000000000000000000e+00 1.616201704051037011e-02 1.983430078065602856e-02 0.000000000000000000e+00 0.000000000000000000e+00 0.000000000000000000e+00 0.000000000000000000e+00 0.000000000000000000e+00 0.000000000000000000e+00 0.000000000000000000e+00 0.000000000000000000e+00 0.000000000000000000e+00
0.000000000000000000e+00 0.000000000000000000e+00 0.000000000000000000e+00 0.000000000000000000e+00 0.000000000000000000e+00 1.657548192933980258e-01 5.708186967010644430e-01 9.148213961596888266e-01 9.213150844223561009e-01 3.475883272620952091e-01 0.000000000000000000e+00 0.000000000000000000e+00 0.000000000000000000e+00 0.000000000000000000e+00 0.000000000000000000e+00 0.000000000000000000e+00 0.000000000000000000e+00 0.000000000000000000e+00
0.000000000000000000e+00 0.000000000000000000e+00 0.000000000000000000e+00 0.000000000000000000e+00 5.493892701840610154e-02 9.795508055988914053e-01 1.061455512477166740e+00 9.812516085358029549e-01 9.693591664046468104e-01 8.887996072524682045e-01 3.461531447115291735e-03 0.000000000000000000e+00 0.000000000000000000e+00 0.000000000000000000e+00 0.000000000000000000e+00 0.000000000000000000e+00 0.000000000000000000e+00 0.000000000000000000e+00
0.000000000000000000e+00 0.000000000000000000e+00 0.000000000000000000e+00 0.000000000000000000e+00 2.167506391251421694e-01 1.062069923141778505e+00 1.062069923141778505e+00 1.402907697371513995e+00 1.405946443955052194e+00 1.954437216222047358e+00 1.493464114142084798e+00 7.460041354683850656e-01 8.041067003335435892e-01 5.271348856150571693e-01 5.852011028287901380e-03 0.000000000000000000e+00 0.000000000000000000e+00 0.000000000000000000e+00
0.000000000000000000e+00 0.000000000000000000e+00 0.000000000000000000e+00 2.098875189109220274e-01 7.628210045495812386e-01 2.175153387204942224e+00 2.227732160026873132e+00 3.981803922382785910e+00 2.602475218825496039e+00 3.268844867875730031e+00 2.392898967175077996e+00 1.828819025854303781e+00 1.070730929636949380e+00 1.070730929636949380e+00 3.845906027024960094e-01 0.000000000000000000e+00 0.000000000000000000e+00 0.000000000000000000e+00
0.000000000000000000e+00 0.000000000000000000e+00 1.435158871394741353e-01 1.050752114096076495e+00 1.097441912668633668e+00 3.494826968709801029e+00 3.165871038913500080e+00 6.036689241291966823e+00 6.325917831133745395e+00 5.365797673419222313e+00 3.111331983957689395e+00 3.703374154311038779e+00 1.458640784520831124e+00 1.141023569363424306e+00 9.399620513334308036e-01 0.000000000000000000e+00 0.000000000000000000e+00 0.000000000000000000e+00
0.000000000000000000e+00 0.000000000000000000e+00 3.692985681797533726e-01 1.097466227417645657e+00 1.097441912668633668e+00 3.738050924425531552e+00 5.578121453633452020e+00 6.226579795030119158e+00 5.753303547221991998e+00 6.516032683137232162e+00 5.723231395468636684e+00 4.431312094045790850e+00 1.765061940592757450e+00 1.209241613231632595e+00 1.192832133413862294e+00 2.924505161984855897e-02 0.000000000000000000e+00 0.000000000000000000e+00
0.000000000000000000e+00 0.000000000000000000e+00 4.586234319493358025e-01 1.107861798540461074e+00 1.107125238125277633e+00 3.384194500466341182e+00 4.306737898122296571e+00 6.440326152696166595e+00 6.297763291437013855e+00 6.643340506104624232e+00 5.214576324482957936e+00 3.577054493398397650e+00 2.094019222929984547e+00 1.155198236685448965e+00 9.140949088901085817e-01 0.000000000000000000e+00 0.000000000000000000e+00 0.000000000000000000e+00
0.000000000000000000e+00 0.000000000000000000e+00 3.087836931307197386e-01 1.108007773855769429e+00 1.200145494918307243e+00 2.649443380080793720e+00 5.606483448047438145e+00 8.004334998413531466e+00 9.493200005951086595e+00 8.190375381500055951e+00 5.946990172543456410e+00 3.984024227036041754e+00 2.090682571565350312e+00 1.113217794836708796e+00 9.118612006030919481e-01 0.000000000000000000e+00 0.000000000000000000e+00 0.000000000000000000e+00
0.000000000000000000e+00 0.000000000000000000e+00 0.000000000000000000e+00 6.741463782023873197e-01 2.087930795158233099e+00 2.748844890937585994e+00 7.676309826850763685e+00 7.719539906121454464e+00 8.802565269514197155e+00 7.790777936160478312e+00 6.578113483191528665e+00 5.850369344886177991e+00 2.401022922593426756e+00 1.113389927657146616e+00 4.996519298428935829e-01 0.000000000000000000e+00 0.000000000000000000e+00 0.000000000000000000e+00
0.000000000000000000e+00 0.000000000000000000e+00 2.939190763343643015e-02 8.754199773220332492e-01 9.187728947346710529e-01 4.010724795635106865e+00 6.562953046716451411e+00 7.944537979693424568e+00 9.177429771001975212e+00 7.955935642285405507e+00 6.048308114057966201e+00 2.816372691924577953e+00 1.225880196448820181e+00 7.318163007339670845e-01 1.338646689098453438e-06 0.000000000000000000e+00 0.000000000000000000e+00 0.000000000000000000e+00
0.000000000000000000e+00 0.000000000000000000e+00 4.408279254305550593e-02 8.892508140232613378e-01 9.079870783912186161e-01 1.640447947082889879e+00 3.063759796448360717e+00 7.801466868582700442e+00 1.048944387346071316e+01 7.315465863783141565e+00 4.743505085264604126e+00 2.337637992110448426e+00 1.225880196448820181e+00 4.406913696408394365e-01 0.000000000000000000e+00 0.000000000000000000e+00 0.000000000000000000e+00 0.000000000000000000e+00
0.000000000000000000e+00 0.000000000000000000e+00 0.000000000000000000e+00 3.905240836267405147e-01 8.604632473681944616e-01 2.078893312471572496e+00 3.306844144806594610e+00 6.174556407680764636e+00 6.188437842203359018e+00 4.096414946014975911e+00 2.693480875644920669e+00 2.022596229940567092e+00 5.004887395524905136e-01 1.070994838897263097e-03 0.000000000000000000e+00 0.000000000000000000e+00 0.000000000000000000e+00 0.000000000000000000e+00
0.000000000000000000e+00 0.000000000000000000e+00 0.000000000000000000e+00 0.000000000000000000e+00 0.000000000000000000e+00 0.000000000000000000e+00 0.000000000000000000e+00 1.691855699455346584e-01 4.289550483691175309e+00 2.000607267139672629e+00 0.000000000000000000e+00 0.000000000000000000e+00 0.000000000000000000e+00 0.000000000000000000e+00 0.000000000000000000e+00 0.000000000000000000e+00 0.000000000000000000e+00 0.000000000000000000e+00
0.000000000000000000e+00 0.000000000000000000e+00 0.000000000000000000e+00 0.000000000000000000e+00 0.000000000000000000e+00 0.000000000000000000e+00 2.950174509577172532e-01 3.494357226134593745e-15 1.917436613456627637e+00 9.050332912675027597e-01 0.000000000000000000e+00 0.000000000000000000e+00 0.000000000000000000e+00 0.000000000000000000e+00 0.000000000000000000e+00 0.000000000000000000e+00 0.000000000000000000e+00 0.000000000000000000e+00
0.000000000000000000e+00 0.000000000000000000e+00 0.000000000000000000e+00 0.000000000000000000e+00 0.000000000000000000e+00 0.000000000000000000e+00 2.068454352387265327e-01 4.899130633168303772e-01 1.877377045478361373e+00 1.020224438556201596e+00 4.732501931273287998e-01 3.699110491351368935e-01 0.000000000000000000e+00 0.000000000000000000e+00 0.000000000000000000e+00 0.000000000000000000e+00 0.000000000000000000e+00 0.000000000000000000e+00
0.000000000000000000e+00 0.000000000000000000e+00 0.000000000000000000e+00 0.000000000000000000e+00 0.000000000000000000e+00 0.000000000000000000e+00 8.631626376911243070e-02 1.128144948561197847e+00 1.136945733622733545e+00 1.102273970126713687e+00 1.023322482778483478e+00 1.019136553299131887e+00 1.835687827298391472e-01 0.000000000000000000e+00 0.000000000000000000e+00 0.000000000000000000e+00 0.000000000000000000e+00 0.000000000000000000e+00
0.000000000000000000e+00 0.000000000000000000e+00 0.000000000000000000e+00 0.000000000000000000e+00 0.000000000000000000e+00 0.000000000000000000e+00 5.773009245961108205e-02 1.112284374344231663e+00 1.136945733622708232e+00 1.082484935883285981e+00 1.023322482778460607e+00 1.023322482778460607e+00 2.930767700774569162e-01 0.000000000000000000e+00 0.000000000000000000e+00 0.000000000000000000e+00 0.000000000000000000e+00 0.000000000000000000e+00
