0.000000000000000000e+00 0.000000000000000000e+00 0.000000000000000000e+00 0.000000000000000000e+00 0.000000000000000000e+00 0.000000000000000000e+00 0.000000000000000000e+00 0.000000000000000000e+00 0.000000000000000000e+00 0.000000000000000000e+00 0.000000000000000000e+00 0.000000000000000000e+00 0.000000000000000000e+00 0.000000000000000000e+00 0.000000000000000000e+00 0.000000000000000000e+00 0.000000000000000000e+00 0.000000000000000000e+00
0.000000000000000000e+00 0.000000000000000000e+00 0.000000000000000000e+00 0.000000000000000000e+00 0.000000000000000000e+00 0.000000000000000000e+00 0.000000000000000000e+00 0.000000000000000000e+00 0.000000000000000000e+00 0.000000000000000000e+00 0.000000000000000000e+00 0.000000000000000000e+00 0.000000000000000000e+00 0.000000000000000000e+00 0.000000000000000000e+00 0.000000000000000000e+00 0.000000000000000000e+00 0.000000000000000000e+00
0.000000000000000000e+00 0.000000000000000000e+00 0.000000000000000000e+00 0.000000000000000000e+00 0.000000000000000000e+00 0.000000000000000000e+00 0.000000000000000000e+00 0.000000000000000000e+00 0.000000000000000000e+00 0.000000000000000000e+00 0.000000000000000000e+00 0.000000000000000000e+00 0.000000000000000000e+00 0.000000000000000000e+00 0.000000000000000000e+00 0.000000000000000000e+00 0.000000000000000000e+00 0.000000000000000000e+00
0.000000000000000000e+00 0.000000000000000000e+00 0.000000000000000000e+00 0.000000000000000000e+00 0.000000000000000000e+00 0.000000000000000000e+00 0.000000000000000000e+00 0.000000000000000000e+00 0.000000000000000000e+00 0.000000000000000000e+00 0.000000000000000000e+00 0.000000000000000000e+00 0.000000000000000000e+00 0.000000000000000000e+00 0.000000000000000000e+00 0.000000000000000000e+00 0.000000000000000000e+00 0.000000000000000000e+00
0.000000000000000000e+00 0.000000000000000000e+00 0.000000000000000000e+00 0.000000000000000000e+00 0.000000000000000000e+00 0.000000000000000000e+00 0.000000000000000000e+00 0.000000000000000000e+00 0.000000000000000000e+00 0.000000000000000000e+00 0.000000000000000000e+00 0.000000000000000000e+00 0.000000000000000000e+00 0.000000000000000000e+00 0.000000000000000000e+00 0.000000000000000000e+00 0.000000000000000000e+00 0.000000000000000000e+00
0.000000000000000000e+00 0.000000000000000000e+00 0.000000000000000000e+00 0.000000000000000000e+00 0.000000000000000000e+00 0.000000000000000000e+00 0.000000000000000000e+00 0.000000000000000000e+00 0.000000000000000000e+00 0.000000000000000000e+00 0.000000000000000000e+00 0.000000000000000000e+00 0.000000000000000000e+00 0.000000000000000000e+00 0.000000000000000000e+00 0.000000000000000000e+00 0.000000000000000000e+00 0.000000000000000000e+00
0.000000000000000000e+00 0.000000000000000000e+00 0.000000000000000000e+00 0.000000000000000000e+00 0.000000000000000000e+00 0.000000000000000000e+00 0.000000000000000000e+00 0.000000000000000000e+00 0.000000000000000000e+00 0.000000000000000000e+00 0.000000000000000000e+00 0.000000000000000000e+00 0.000000000000000000e+00 0.000000000000000000e+00 0.000000000000000000e+00 0.000000000000000000e+00 0.000000000000000000e+00 0.000000000000000000e+00
0.000000000000000000e+00 0.000000000000000000e+00 0.000000000000000000e+00 0.000000000000000000e+00 0.000000000000000000e+00 0.000000000000000000e+00 0.000000000000000000e+00 1.063951448329954544e-02 1.724299984283008194e-02 0.000000000000000000e+00 0.000000000000000000e+00 0.000000000000000000e+00 0.000000000000000000e+00 0.000000000000000000e+00 0.000000000000000000e+00 0.000000000000000000e+00 0.000000000000000000e+00 0.000000000000000000e+00
0.000000000000000000e+00 0.000000000000000000e+00 0.000000000000000000e+00 0.000000000000000000e+00 0.000000000000000000e+00 1.549243677005098241e-01 5.518736405703591474e-01 8.885921508849258244e-01 9.034938171319761846e-01 3.512949380870256100e-01 0.000000000000000000e+00 0.000000000000000000e+00 0.000000000000000000e+00 0.000000000000000000e+00 0.000000000000000000e+00 0.000000000000000000e+00 0.000000000000000000e+00 0.000000000000000000e+00
0.000000000000000000e+00 0.000000000000000000e+00 0.000000000000000000e+00 0.000000000000000000e+00 4.532765005841193212e-02 9.620229033705832711e-01 1.051578908377465593e+00 9.679644886338365506e-01 9.538890097525556389e-01 8.810784269050851991e-01 5.378678556927640741e-03 0.000000000000000000e+00 0.000000000000000000e+00 0.000000000000000000e+00 0.000000000000000000e+00 0.000000000000000000e+00 0.000000000000000000e+00 0.000000000000000000e+00
0.000000000000000000e+00 0.000000000000000000e+00 0.000000000000000000e+00 0.000000000000000000e+00 2.013273993450601096e-01 1.051894204033501090e+00 1.051894204033501090e+00 1.276146978279683708e+00 1.323440802593189192e+00 1.890763323190161271e+00 1.416186117053269911e+00 6.981138357917868742e-01 7.931398625250006829e-01 4.914697788888086616e-01 1.727408681856940856e-03 0.000000000000000000e+00 0.000000000000000000e+00 0.000000000000000000e+00
0.000000000000000000e+00 0.000000000000000000e+00 0.000000000000000000e+00 1.951626337749920725e-01 7.825197495083082710e-01 2.115605865060488977e+00 2.135605635242480371e+00 3.797878315521500348e+00 2.555782585906112292e+00 3.223569910646085113e+00 2.322863238541413633e+00 1.716803977302100215e+00 1.070819011067325022e+00 1.070819011067325022e+00 3.401087424660442782e-01 0.000000000000000000e+00 0.000000000000000000e+00 0.000000000000000000e+00
0.000000000000000000e+00 0.000000000000000000e+00 1.367929090730626296e-01 1.059416630758050593e+00 1.115164794579502017e+00 3.545264994757388433e+00 2.911073088669467790e+00 6.045971594341608579e+00 6.174028979522243610e+00 5.504897772591814231e+00 3.023266797384403848e+00 3.644904742049490221e+00 1.322220319739201067e+00 1.113109094255230191e+00 9.319332748115732867e-01 8.954777837009296373e-06 0.000000000000000000e+00 0.000000000000000000e+00
0.000000000000000000e+00 0.000000000000000000e+00 3.727211494560648819e-01 1.115164178138445594e+00 1.115164794579502017e+00 3.870249956824162396e+00 5.672410050726560904e+00 6.115025778060934059e+00 5.703083543593285398e+00 6.568536254345421987e+00 5.939199291775443257e+00 4.511114020782587275e+00 1.712933093616372249e+00 1.147121761774964721e+00 1.138894908720117893e+00 4.629560342137486323e-02 0.000000000000000000e+00 0.000000000000000000e+00
0.000000000000000000e+00 0.000000000000000000e+00 4.707544472768434018e-01 1.113115493888068963e+00 1.113292393535646685e+00 3.443602131156508595e+00 4.488245776584451896e+00 6.145867492518487296e+00 6.231896790736657366e+00 6.854269189482180558e+00 5.419955342425548217e+00 3.322618939470203703e+00 2.130134350209043959e+00 1.105498481378011988e+00 8.780324325980300992e-01 0.000000000000000000e+00 0.000000000000000000e+00 0.000000000000000000e+00
0.000000000000000000e+00 0.000000000000000000e+00 3.438891294281938849e-01 1.113040913199041970e+00 1.177660748595615869e+00 2.753693224316835497e+00 5.503643599370183992e+00 7.787415820280789269e+00 9.322287086460432803e+00 8.145661555499755124e+00 6.046489563051502536e+00 4.103926712326139814e+00 2.183561298176855292e+00 1.062917590471996077e+00 9.159723322175076232e-01 0.000000000000000000e+00 0.000000000000000000e+00 0.000000000000000000e+00
0.000000000000000000e+00 0.000000000000000000e+00 9.038755326662279137e-04 7.225810029564032622e-01 2.132173537180538592e+00 2.557455278462940296e+00 7.322630200526574207e+00 7.826456702620546046e+00 8.883750538023628351e+00 7.782450995458467524e+00 6.649525886987635914e+00 6.008458142081238407e+00 2.251054689637594475e+00 1.062917590471996077e+00 6.406902824296926147e-01 0.000000000000000000e+00 0.000000000000000000e+00 0.000000000000000000e+00
0.000000000000000000e+00 0.000000000000000000e+00 2.949292283521683100e-02 8.698608142923769382e-01 9.502608816452028373e-01 3.822055264216947634e+00 6.784336778892597231e+00 8.248818363883891891e+00 9.276273465692993270e+00 7.822215667646129411e+00 6.057633796808414850e+00 2.848296178581465554e+00 1.275434498942463524e+00 8.862018106771571979e-01 2.452118299193413106e-02 0.000000000000000000e+00 0.000000000000000000e+00 0.000000000000000000e+00
0.000000000000000000e+00 0.000000000000000000e+00 5.043436334412457200e-02 8.886993287359037375e-01 9.030381086593800566e-01 1.638148231538522293e+00 2.909983569123850256e+00 7.378697599782993777e+00 9.936723913813661824e+00 7.322706895517061554e+00 4.706921055895096018e+00 2.409568130667429031e+00 1.276009660004372659e+00 5.570214470587682154e-01 0.000000000000000000e+00 0.000000000000000000e+00 0.000000000000000000e+00 0.000000000000000000e+00
0.000000000000000000e+00 0.000000000000000000e+00 0.000000000000000000e+00 4.122472644371835138e-01 8.672735058095948357e-01 1.970890387229430551e+00 3.130846853868022084e+00 5.878281198470509672e+00 6.270617814685335745e+00 4.338330884139111276e+00 2.987210674015035927e+00 2.498343518545697695e+00 6.109262479875672280e-01 1.242477905734110620e-02 0.000000000000000000e+00 0.000000000000000000e+00 0.000000000000000000e+00 0.000000000000000000e+00
0.000000000000000000e+00 0.000000000000000000e+00 0.000000000000000000e+00 0.000000000000000000e+00 0.000000000000000000e+00 0.000000000000000000e+00 0.000000000000000000e+00 1.678232720564963865e-01 3.644873073579795619e+00 1.479073247646066847e+00 0.000000000000000000e+00 0.000000000000000000e+00 0.000000000000000000e+00 0.000000000000000000e+00 0.000000000000000000e+00 0.000000000000000000e+00 0.000000000000000000e+00 0.000000000000000000e+00
0.000000000000000000e+00 0.000000000000000000e+00 0.000000000000000000e+00 0.000000000000000000e+00 0.000000000000000000e+00 0.000000000000000000e+00 5.665045479404957202e-03 3.976321187839707937e-16 2.304818587879819969e+00 1.030903977873213861e+00 0.000000000000000000e+00 0.000000000000000000e+00 0.000000000000000000e+00 0.000000000000000000e+00 0.000000000000000000e+00 0.000000000000000000e+00 0.000000000000000000e+00 0.000000000000000000e+00
0.000000000000000000e+00 0.000000000000000000e+00 0.000000000000000000e+00 0.000000000000000000e+00 0.000000000000000000e+00 0.000000000000000000e+00 2.247043824825518676e-01 3.370691467287928456e-01 1.221875656891771689e+00 7.162719367986430941e-01 3.942887197678929256e-01 4.709751259290250736e-01 7.761896973289562907e-02 0.000000000000000000e+00 0.000000000000000000e+00 0.000000000000000000e+00 0.000000000000000000e+00 0.000000000000000000e+00
0.000000000000000000e+00 0.000000000000000000e+00 0.000000000000000000e+00 0.000000000000000000e+00 0.000000000000000000e+00 0.000000000000000000e+00 9.044161223775822045e-02 1.325762078024429247e+00 1.431069955287165296e+00 1.494905046737945664e+00 1.034456107322399676e+00 9.790413854004963445e-01 7.568621244876018173e-01 0.000000000000000000e+00 0.000000000000000000e+00 0.000000000000000000e+00 0.000000000000000000e+00 0.000000000000000000e+00
0.000000000000000000e+00 0.000000000000000000e+00 0.000000000000000000e+00 0.000000000000000000e+00 0.000000000000000000e+00 0.000000000000000000e+00 0.000000000000000000e+00 1.329143628295692769e+00 1.639686547420484697e+00 1.639686547420484697e+00 1.045592926509049558e+00 9.790413854004746952e-01 9.637824623471690222e-01 2.041601574305351718e-02 0.000000000000000000e+00 0.000000000000000000e+00 0.000000000000000000e+00 0.000000000000000000e+00
