0.000000000000000000e+00 0.000000000000000000e+00 0.000000000000000000e+00 0.000000000000000000e+00 0.000000000000000000e+00 0.000000000000000000e+00 0.000000000000000000e+00 0.000000000000000000e+00 0.000000000000000000e+00 0.000000000000000000e+00 0.000000000000000000e+00 0.000000000000000000e+00 0.000000000000000000e+00 0.000000000000000000e+00 0.000000000000000000e+00 0.000000000000000000e+00 0.000000000000000000e+00 0.000000000000000000e+00
0.000000000000000000e+00 0.000000000000000000e+00 0.000000000000000000e+00 0.000000000000000000e+00 0.000000000000000000e+00 0.000000000000000000e+00 0.000000000000000000e+00 0.000000000000000000e+00 0.000000000000000000e+00 0.000000000000000000e+00 0.000000000000000000e+00 0.000000000000000000e+00 0.000000000000000000e+00 0.000000000000000000e+00 0.000000000000000000e+00 0.000000000000000000e+00 0.000000000000000000e+00 0.000000000000000000e+00
0.000000000000000000e+00 0.000000000000000000e+00 0.000000000000000000e+00 0.000000000000000000e+00 0.000000000000000000e+00 0.000000000000000000e+00 0.000000000000000000e+00 0.000000000000000000e+00 0.000000000000000000e+00 0.000000000000000000e+00 0.000000000000000000e+00 0.000000000000000000e+00 0.000000000000000000e+00 0.000000000000000000e+00 0.000000000000000000e+00 0.000000000000000000e+00 0.000000000000000000e+00 0.000000000000000000e+00
0.000000000000000000e+00 0.000000000000000000e+00 0.000000000000000000e+00 0.000000000000000000e+00 0.000000000000000000e+00 0.000000000000000000e+00 0.000000000000000000e+00 0.000000000000000000e+00 0.000000000000000000e+00 0.000000000000000000e+00 0.000000000000000000e+00 0.000000000000000000e+00 0.000000000000000000e+00 0.000000000000000000e+00 0.000000000000000000e+00 0.000000000000000000e+00 0.000000000000000000e+00 0.000000000000000000e+00
0.000000000000000000e+00 0.000000000000000000e+00 0.000000000000000000e+00 0.000000000000000000e+00 0.000000000000000000e+00 0.000000000000000000e+00 0.000000000000000000e+00 0.000000000000000000e+00 0.000000000000000000e+00 0.000000000000000000e+00 0.000000000000000000e+00 0.000000000000000000e+00 0.000000000000000000e+00 0.000000000000000000e+00 0.000000000000000000e+00 0.000000000000000000e+00 0.000000000000000000e+00 0.000000000000000000e+00
0.000000000000000000e+00 0.000000000000000000e+00 0.000000000000000000e+00 0.000000000000000000e+00 0.000000000000000000e+00 0.000000000000000000e+00 0.000000000000000000e+00 0.000000000000000000e+00 0.000000000000000000e+00 0.000000000000000000e+00 0.000000000000000000e+00 0.000000000000000000e+00 0.000000000000000000e+00 0.000000000000000000e+00 0.000000000000000000e+00 0.000000000000000000e+00 0.000000000000000000e+00 0.000000000000000000e+00
0.000000000000000000e+00 0.000000000000000000e+00 0.000000000000000000e+00 0.000000000000000000e+00 0.000000000000000000e+00 0.000000000000000000e+00 0.000000000000000000e+00 0.000000000000000000e+00 0.000000000000000000e+00 0.000000000000000000e+00 0.000000000000000000e+00 0.000000000000000000e+00 0.000000000000000000e+00 0.000000000000000000e+00 0.000000000000000000e+00 0.000000000000000000e+00 0.000000000000000000e+00 0.000000000000000000e+00
0.000000000000000000e+00 0.000000000000000000e+00 0.000000000000000000e+00 0.000000000000000000e+00 0.000000000000000000e+00 0.000000000000000000e+00 0.000000000000000000e+00 1.547294487899844931e-02 1.901678413403971868e-02 0.000000000000000000e+00 0.000000000000000000e+00 0.000000000000000000e+00 0.000000000000000000e+00 0.000000000000000000e+00 0.000000000000000000e+00 0.000000000000000000e+00 0.000000000000000000e+00 0.000000000000000000e+00
0.000000000000000000e+00 0.000000000000000000e+00 0.000000000000000000e+00 0.000000000000000000e+00 0.000000000000000000e+00 1.631604186352452190e-01 5.683867432222408089e-01 9.115544087318350197e-01 9.180232235658470907e-01 3.451011905348486120e-01 0.000000000000000000e+00 0.000000000000000000e+00 0.000000000000000000e+00 0.000000000000000000e+00 0.000000000000000000e+00 0.000000000000000000e+00 0.000000000000000000e+00 0.000000000000000000e+00
0.000000000000000000e+00 0.000000000000000000e+00 0.000000000000000000e+00 0.000000000000000000e+00 5.200857467450869381e-02 9.774160578112932596e-01 1.061649524537624956e+00 9.794534399104937172e-01 9.671831069875643783e-01 8.844320267869033581e-01 2.844241609840173542e-03 0.000000000000000000e+00 0.000000000000000000e+00 0.000000000000000000e+00 0.000000000000000000e+00 0.000000000000000000e+00 0.000000000000000000e+00 0.000000000000000000e+00
0.000000000000000000e+00 0.000000000000000000e+00 0.000000000000000000e+00 0.000000000000000000e+00 2.123475139820049096e-01 1.062269880807612088e+00 1.062269880807612088e+00 1.377341323764861736e+00 1.390957876769827184e+00 1.942801180026337837e+00 1.474840235898012386e+00 7.338378058792647263e-01 8.003773540241544415e-01 5.228273448021635295e-01 5.451883844504158694e-03 0.000000000000000000e+00 0.000000000000000000e+00 0.000000000000000000e+00
0.000000000000000000e+00 0.000000000000000000e+00 0.000000000000000000e+00 2.055490148055457711e-01 7.646960834212970237e-01 2.166321550668941942e+00 2.211237442316597246e+00 3.947814692225888766e+00 2.588233018212578340e+00 3.256994193496070000e+00 2.363857392780157163e+00 1.811161569663659376e+00 1.067817447741401748e+00 1.067817447741401748e+00 3.807659040900767677e-01 0.000000000000000000e+00 0.000000000000000000e+00 0.000000000000000000e+00
0.000000000000000000e+00 0.000000000000000000e+00 1.381151708005153855e-01 1.051399491527190699e+00 1.101270767533239159e+00 3.506505512162126248e+00 3.128553427976540124e+00 6.037343657051303936e+00 6.315548907340299500e+00 5.395266280100183387e+00 3.071047182446486445e+00 3.699561403017809447e+00 1.436011581418233707e+00 1.134946246200120523e+00 9.358642921185966745e-01 0.000000000000000000e+00 0.000000000000000000e+00 0.000000000000000000e+00
0.000000000000000000e+00 0.000000000000000000e+00 3.637890731777906339e-01 1.101286149631246492e+00 1.101270767533239159e+00 3.774645392799573784e+00 5.606195629682626524e+00 6.203887487375228105e+00 5.739001785368291308e+00 6.522511952865220231e+00 5.749285735658321350e+00 4.446526980919043304e+00 1.758222633363323961e+00 1.200011633359681973e+00 1.185769386971825101e+00 3.197764093765570470e-02 0.000000000000000000e+00 0.000000000000000000e+00
0.000000000000000000e+00 0.000000000000000000e+00 4.578050649067082478e-01 1.106884334536991865e+00 1.106459397368374731e+00 3.405390743737306103e+00 4.330477190765800621e+00 6.423391302890955501e+00 6.279038418760857887e+00 6.682446108702484011e+00 5.239243797187645768e+00 3.531605155372754545e+00 2.098907054922307225e+00 1.147343838073149991e+00 9.100320146684892642e-01 0.000000000000000000e+00 0.000000000000000000e+00 0.000000000000000000e+00
0.000000000000000000e+00 0.000000000000000000e+00 3.141685549242161368e-01 1.107003377008505041e+00 1.193278493623791014e+00 2.663708584013017244e+00 5.593943731165677669e+00 7.985612562226373612e+00 9.458021532395006759e+00 8.170783526366088623e+00 5.943395978793679646e+00 4.011455536414588074e+00 2.104138327626248639e+00 1.103902676002212813e+00 9.124373687532293387e-01 0.000000000000000000e+00 0.000000000000000000e+00 0.000000000000000000e+00
0.000000000000000000e+00 0.000000000000000000e+00 0.000000000000000000e+00 6.813341177705001250e-01 2.100336811768864553e+00 2.708375690414305481e+00 7.646007818618393514e+00 7.749020447700429415e+00 8.825033824123629245e+00 7.796104395176456592e+00 6.563985844697519667e+00 5.897787578506732409e+00 2.382203534935607436e+00 1.103949313248492103e+00 5.251782063830215952e-01 0.000000000000000000e+00 0.000000000000000000e+00 0.000000000000000000e+00
0.000000000000000000e+00 0.000000000000000000e+00 2.889882208344486322e-02 8.737847508081972858e-01 9.228495507528802211e-01 3.981596385666293703e+00 6.589719290040658706e+00 7.987549759032082086e+00 9.201176711782109052e+00 7.935577017403709910e+00 6.053570286272718981e+00 2.858184536137678755e+00 1.232579252859187902e+00 7.548513329537980265e-01 7.576980111512729476e-04 0.000000000000000000e+00 0.000000000000000000e+00 0.000000000000000000e+00
0.000000000000000000e+00 0.000000000000000000e+00 4.499787709518679457e-02 8.890346285155195094e-01 9.070317993015499791e-01 1.632964862235786407e+00 3.031639724249529877e+00 7.747410814177538185e+00 1.044968747285892796e+01 7.314801042726991831e+00 4.763609673680648804e+00 2.357172712237504797e+00 1.232579252859187902e+00 4.545588380892739977e-01 0.000000000000000000e+00 0.000000000000000000e+00 0.000000000000000000e+00 0.000000000000000000e+00
0.000000000000000000e+00 0.000000000000000000e+00 0.000000000000000000e+00 3.951630570750103710e-01 8.616015557492974208e-01 2.060242083507472177e+00 3.265615011075970742e+00 6.143541866430421550e+00 6.225344263160028646e+00 4.051521270856754953e+00 2.729420397183278002e+00 2.082035136545263843e+00 5.186345387947487451e-01 1.953503107004393290e-03 0.000000000000000000e+00 0.000000000000000000e+00 0.000000000000000000e+00 0.000000000000000000e+00
0.000000000000000000e+00 0.000000000000000000e+00 0.000000000000000000e+00 0.000000000000000000e+00 0.000000000000000000e+00 0.000000000000000000e+00 0.000000000000000000e+00 1.698589676598609710e-01 4.171065225972578894e+00 1.893319629757190148e+00 0.000000000000000000e+00 0.000000000000000000e+00 0.000000000000000000e+00 0.000000000000000000e+00 0.000000000000000000e+00 0.000000000000000000e+00 0.000000000000000000e+00 0.000000000000000000e+00
0.000000000000000000e+00 0.000000000000000000e+00 0.000000000000000000e+00 0.000000000000000000e+00 0.000000000000000000e+00 0.000000000000000000e+00 2.602317427916210346e-01 3.100364254288654320e-15 1.905226785555668156e+00 9.154625152540029065e-01 0.000000000000000000e+00 0.000000000000000000e+00 0.000000000000000000e+00 0.000000000000000000e+00 0.000000000000000000e+00 0.000000000000000000e+00 0.000000000000000000e+00 0.000000000000000000e+00
0.000000000000000000e+00 0.000000000000000000e+00 0.000000000000000000e+00 0.000000000000000000e+00 0.000000000000000000e+00 0.000000000000000000e+00 2.929838898546716641e-01 4.940323884832714674e-01 1.790867408251709536e+00 1.015511621626149941e+00 4.680735675094254145e-01 4.059855338228102739e-01 0.000000000000000000e+00 0.000000000000000000e+00 0.000000000000000000e+00 0.000000000000000000e+00 0.000000000000000000e+00 0.000000000000000000e+00
0.000000000000000000e+00 0.000000000000000000e+00 0.000000000000000000e+00 0.000000000000000000e+00 0.000000000000000000e+00 0.000000000000000000e+00 4.677361585144443334e-02 1.238122313697938903e+00 1.212723131362252849e+00 1.140684737396280068e+00 1.012283308513226565e+00 1.012177636682842774e+00 2.703665474839866967e-01 0.000000000000000000e+00 0.000000000000000000e+00 0.000000000000000000e+00 0.000000000000000000e+00 0.000000000000000000e+00
0.000000000000000000e+00 0.000000000000000000e+00 0.000000000000000000e+00 0.000000000000000000e+00 0.000000000000000000e+00 0.000000000000000000e+00 4.833708540352996824e-02 1.151297850478510076e+00 1.183065217045592865e+00 1.117359938192593605e+00 1.012283308513204139e+00 1.012283308513204139e+00 3.986668013319479287e-01 0.000000000000000000e+00 0.000000000000000000e+00 0.000000000000000000e+00 0.000000000000000000e+00 0.000000000000000000e+00
