0.000000000000000000e+00 0.000000000000000000e+00 0.000000000000000000e+00 0.000000000000000000e+00 0.000000000000000000e+00 0.000000000000000000e+00 0.000000000000000000e+00 0.000000000000000000e+00 0.000000000000000000e+00 0.000000000000000000e+00 0.000000000000000000e+00 0.000000000000000000e+00 0.000000000000000000e+00 0.000000000000000000e+00 0.000000000000000000e+00 0.000000000000000000e+00 0.000000000000000000e+00 0.000000000000000000e+00
0.000000000000000000e+00 0.000000000000000000e+00 0.000000000000000000e+00 0.000000000000000000e+00 0.000000000000000000e+00 0.000000000000000000e+00 0.000000000000000000e+00 0.000000000000000000e+00 0.000000000000000000e+00 0.000000000000000000e+00 0.000000000000000000e+00 0.000000000000000000e+00 0.000000000000000000e+00 0.000000000000000000e+00 0.000000000000000000e+00 0.000000000000000000e+00 0.000000000000000000e+00 0.000000000000000000e+00
0.000000000000000000e+00 0.000000000000000000e+00 0.000000000000000000e+00 0.000000000000000000e+00 0.000000000000000000e+00 0.000000000000000000e+00 0.000000000000000000e+00 0.000000000000000000e+00 0.000000000000000000e+00 0.000000000000000000e+00 0.000000000000000000e+00 0.000000000000000000e+00 0.000000000000000000e+00 0.000000000000000000e+00 0.000000000000000000e+00 0.000000000000000000e+00 0.000000000000000000e+00 0.000000000000000000e+00
0.000000000000000000e+00 0.000000000000000000e+00 0.000000000000000000e+00 0.000000000000000000e+00 0.000000000000000000e+00 0.000000000000000000e+00 0.000000000000000000e+00 0.000000000000000000e+00 0.000000000000000000e+00 0.000000000000000000e+00 0.000000000000000000e+00 0.000000000000000000e+00 0.000000000000000000e+00 0.000000000000000000e+00 0.000000000000000000e+00 0.000000000000000000e+00 0.000000000000000000e+00 0.000000000000000000e+00
0.000000000000000000e+00 0.000000000000000000e+00 0.000000000000000000e+00 0.000000000000000000e+00 0.000000000000000000e+00 0.000000000000000000e+00 0.000000000000000000e+00 0.000000000000000000e+00 0.000000000000000000e+00 0.000000000000000000e+00 0.000000000000000000e+00 0.000000000000000000e+00 0.000000000000000000e+00 0.000000000000000000e+00 0.000000000000000000e+00 0.000000000000000000e+00 0.000000000000000000e+00 0.000000000000000000e+00
0.000000000000000000e+00 0.000000000000000000e+00 0.000000000000000000e+00 0.000000000000000000e+00 0.000000000000000000e+00 0.000000000000000000e+00 0.000000000000000000e+00 0.000000000000000000e+00 0.000000000000000000e+00 0.000000000000000000e+00 0.000000000000000000e+00 0.000000000000000000e+00 0.000000000000000000e+00 0.000000000000000000e+00 0.000000000000000000e+00 0.000000000000000000e+00 0.000000000000000000e+00 0.000000000000000000e+00
0.000000000000000000e+00 0.000000000000000000e+00 0.000000000000000000e+00 0.000000000000000000e+00 0.000000000000000000e+00 0.000000000000000000e+00 0.000000000000000000e+00 0.000000000000000000e+00 0.000000000000000000e+00 0.000000000000000000e+00 0.000000000000000000e+00 0.000000000000000000e+00 0.000000000000000000e+00 0.000000000000000000e+00 0.000000000000000000e+00 0.000000000000000000e+00 0.000000000000000000e+00 0.000000000000000000e+00
0.000000000000000000e+00 0.000000000000000000e+00 0.000000000000000000e+00 0.000000000000000000e+00 0.000000000000000000e+00 0.000000000000000000e+00 0.000000000000000000e+00 1.422433340967071101e-02 1.762359492474981429e-02 0.000000000000000000e+00 0.000000000000000000e+00 0.000000000000000000e+00 0.000000000000000000e+00 0.000000000000000000e+00 0.000000000000000000e+00 0.000000000000000000e+00 0.000000000000000000e+00 0.000000000000000000e+00
0.000000000000000000e+00 0.000000000000000000e+00 0.000000000000000000e+00 0.000000000000000000e+00 0.000000000000000000e+00 1.613815898389080739e-01 5.660719342771751705e-01 9.078359090574108503e-01 9.144347697951779042e-01 3.417863238746809418e-01 0.000000000000000000e+00 0.000000000000000000e+00 0.000000000000000000e+00 0.000000000000000000e+00 0.000000000000000000e+00 0.000000000000000000e+00 0.000000000000000000e+00 0.000000000000000000e+00
0.000000000000000000e+00 0.000000000000000000e+00 0.000000000000000000e+00 0.000000000000000000e+00 5.009489981600044606e-02 9.751550008850019546e-01 1.060848031170939620e+00 9.782291083162766299e-01 9.657793886159871111e-01 8.808527603050951837e-01 2.373861540051896979e-03 0.000000000000000000e+00 0.000000000000000000e+00 0.000000000000000000e+00 0.000000000000000000e+00 0.000000000000000000e+00 0.000000000000000000e+00 0.000000000000000000e+00
0.000000000000000000e+00 0.000000000000000000e+00 0.000000000000000000e+00 0.000000000000000000e+00 2.093037748899551076e-01 1.061435665856795163e+00 1.061435665856795163e+00 1.353427552693047486e+00 1.375749154799725149e+00 1.932330996519890043e+00 1.460712132339168523e+00 7.246827371050865718e-01 7.977075735991309147e-01 5.172732846618873781e-01 4.723583362351253985e-03 0.000000000000000000e+00 0.000000000000000000e+00 0.000000000000000000e+00
0.000000000000000000e+00 0.000000000000000000e+00 0.000000000000000000e+00 2.005208216768415985e-01 7.653309914923881463e-01 2.156371244937640430e+00 2.196134335168103302e+00 3.912756789356887310e+00 2.577271034955872953e+00 3.242292229850614937e+00 2.354013783310254126e+00 1.799030436584831305e+00 1.068012958017144021e+00 1.068012958017144021e+00 3.751137087276523174e-01 0.000000000000000000e+00 0.000000000000000000e+00 0.000000000000000000e+00
0.000000000000000000e+00 0.000000000000000000e+00 1.346421594566102609e-01 1.051682059706638972e+00 1.104568120042507706e+00 3.517908650066417842e+00 3.086672714242238769e+00 6.041394756328815063e+00 6.290718465116421854e+00 5.416632171753663627e+00 3.048941472332055813e+00 3.697424193696179806e+00 1.413476192292765221e+00 1.130772069922965972e+00 9.342036223802183681e-01 0.000000000000000000e+00 0.000000000000000000e+00 0.000000000000000000e+00
0.000000000000000000e+00 0.000000000000000000e+00 3.619311603307255321e-01 1.104574197299626137e+00 1.104568120042507706e+00 3.810596313504278854e+00 5.635810792486402043e+00 6.185310174145590700e+00 5.725764010882904209e+00 6.520562025006199747e+00 5.772657242189851878e+00 4.461378714640297893e+00 1.748557005940483799e+00 1.190205527987869383e+00 1.177281628377347955e+00 3.420296538385187574e-02 0.000000000000000000e+00 0.000000000000000000e+00
0.000000000000000000e+00 0.000000000000000000e+00 4.575905758210990770e-01 1.107909117483959482e+00 1.107643798602370167e+00 3.424633701163950050e+00 4.361945175003232755e+00 6.390384854076804011e+00 6.256600335620296605e+00 6.719474532835008951e+00 5.266066604626517211e+00 3.479702176167490890e+00 2.103167909892359688e+00 1.138397831265970828e+00 9.033882080160312578e-01 0.000000000000000000e+00 0.000000000000000000e+00 0.000000000000000000e+00
0.000000000000000000e+00 0.000000000000000000e+00 3.196149337427455772e-01 1.107993458602577919e+00 1.188577588673836782e+00 2.680663837976144492e+00 5.578937067181974463e+00 7.962405918088999002e+00 9.429350849804032819e+00 8.159806556223704987e+00 5.945623800055458652e+00 4.031940545681120369e+00 2.115712457467334495e+00 1.093595904033657362e+00 9.132051652078501114e-01 0.000000000000000000e+00 0.000000000000000000e+00 0.000000000000000000e+00
0.000000000000000000e+00 0.000000000000000000e+00 4.792349894202803520e-05 6.894202568603301495e-01 2.110621882677654604e+00 2.677017723501178725e+00 7.606096036917917580e+00 7.778588435838479143e+00 8.842897503569162154e+00 7.785354960066392493e+00 6.561233900457440704e+00 5.936053771276751156e+00 2.363331304532705346e+00 1.093595905644288102e+00 5.513782481454246875e-01 0.000000000000000000e+00 0.000000000000000000e+00 0.000000000000000000e+00
0.000000000000000000e+00 0.000000000000000000e+00 2.862884813495158651e-02 8.721383843925838431e-01 9.271366187709985107e-01 3.947422689529199502e+00 6.624724697728440859e+00 8.034089075110177447e+00 9.217792542711320536e+00 7.912467302203555874e+00 6.057996529370686112e+00 2.882994575989998420e+00 1.238947425205604747e+00 7.797798352972289404e-01 3.079907112794281077e-03 0.000000000000000000e+00 0.000000000000000000e+00 0.000000000000000000e+00
0.000000000000000000e+00 0.000000000000000000e+00 4.591788165819860046e-02 8.885169225423840134e-01 9.057912932447244048e-01 1.622211285669845182e+00 3.000660149562259793e+00 7.687282196110725607e+00 1.039396201940509457e+01 7.323201134140999713e+00 4.769294269936205311e+00 2.372402244370380053e+00 1.238947425205604747e+00 4.715969680428100386e-01 0.000000000000000000e+00 0.000000000000000000e+00 0.000000000000000000e+00 0.000000000000000000e+00
0.000000000000000000e+00 0.000000000000000000e+00 0.000000000000000000e+00 3.990550056889587971e-01 8.627045613759183329e-01 2.040307795379912914e+00 3.230517198060734341e+00 6.110573863566057362e+00 6.253821323618212524e+00 4.041914785403912802e+00 2.768509996026537134e+00 2.148936122268699567e+00 5.383511333322932302e-01 3.328437455352700487e-03 0.000000000000000000e+00 0.000000000000000000e+00 0.000000000000000000e+00 0.000000000000000000e+00
0.000000000000000000e+00 0.000000000000000000e+00 0.000000000000000000e+00 0.000000000000000000e+00 0.000000000000000000e+00 0.000000000000000000e+00 0.000000000000000000e+00 1.698757438980546541e-01 4.027292444124448423e+00 1.799522283984345883e+00 0.000000000000000000e+00 0.000000000000000000e+00 0.000000000000000000e+00 0.000000000000000000e+00 0.000000000000000000e+00 0.000000000000000000e+00 0.000000000000000000e+00 0.000000000000000000e+00
0.000000000000000000e+00 0.000000000000000000e+00 0.000000000000000000e+00 0.000000000000000000e+00 0.000000000000000000e+00 0.000000000000000000e+00 2.107040600598527325e-01 2.649328274985524713e-15 1.966468243441520825e+00 9.344495244616217722e-01 0.000000000000000000e+00 0.000000000000000000e+00 0.000000000000000000e+00 0.000000000000000000e+00 0.000000000000000000e+00 0.000000000000000000e+00 0.000000000000000000e+00 0.000000000000000000e+00
0.000000000000000000e+00 0.000000000000000000e+00 0.000000000000000000e+00 0.000000000000000000e+00 0.000000000000000000e+00 0.000000000000000000e+00 3.502818709274628239e-01 4.580407207579856865e-01 1.660397612747559482e+00 9.681294013797671072e-01 4.651626128722945452e-01 4.366800409984697429e-01 2.023368981820547821e-03 0.000000000000000000e+00 0.000000000000000000e+00 0.000000000000000000e+00 0.000000000000000000e+00 0.000000000000000000e+00
0.000000000000000000e+00 0.000000000000000000e+00 0.000000000000000000e+00 0.000000000000000000e+00 0.000000000000000000e+00 0.000000000000000000e+00 2.909766310944856757e-02 1.340845879361741932e+00 1.320692890284630883e+00 1.219574478225130765e+00 1.001988959505085708e+00 1.001988959505085708e+00 3.634302154890904912e-01 0.000000000000000000e+00 0.000000000000000000e+00 0.000000000000000000e+00 0.000000000000000000e+00 0.000000000000000000e+00
0.000000000000000000e+00 0.000000000000000000e+00 0.000000000000000000e+00 0.000000000000000000e+00 0.000000000000000000e+00 0.000000000000000000e+00 3.543165991417536465e-02 1.188054785808656977e+00 1.233287732438102635e+00 1.165613214352653637e+00 1.001988959505063503e+00 1.001988959505063503e+00 5.092430692742412335e-01 0.000000000000000000e+00 0.000000000000000000e+00 0.000000000000000000e+00 0.000000000000000000e+00 0.000000000000000000e+00
