0.000000000000000000e+00 0.000000000000000000e+00 0.000000000000000000e+00 0.000000000000000000e+00 0.000000000000000000e+00 0.000000000000000000e+00 0.000000000000000000e+00 0.000000000000000000e+00 0.000000000000000000e+00 0.000000000000000000e+00 0.000000000000000000e+00 0.000000000000000000e+00 0.000000000000000000e+00 0.000000000000000000e+00 0.000000000000000000e+00 0.000000000000000000e+00 0.000000000000000000e+00 0.000000000000000000e+00
0.000000000000000000e+00 0.000000000000000000e+00 0.000000000000000000e+00 0.000000000000000000e+00 0.000000000000000000e+00 0.000000000000000000e+00 0.000000000000000000e+00 0.000000000000000000e+00 0.000000000000000000e+00 0.000000000000000000e+00 0.000000000000000000e+00 0.000000000000000000e+00 0.000000000000000000e+00 0.000000000000000000e+00 0.000000000000000000e+00 0.000000000000000000e+00 0.000000000000000000e+00 0.000000000000000000e+00
0.000000000000000000e+00 0.000000000000000000e+00 0.000000000000000000e+00 0.000000000000000000e+00 0.000000000000000000e+00 0.000000000000000000e+00 0.000000000000000000e+00 0.000000000000000000e+00 0.000000000000000000e+00 0.000000000000000000e+00 0.000000000000000000e+00 0.000000000000000000e+00 0.000000000000000000e+00 0.000000000000000000e+00 0.000000000000000000e+00 0.000000000000000000e+00 0.000000000000000000e+00 0.000000000000000000e+00
0.000000000000000000e+00 0.000000000000000000e+00 0.000000000000000000e+00 0.000000000000000000e+00 0.000000000000000000e+00 0.000000000000000000e+00 0.000000000000000000e+00 0.000000000000000000e+00 0.000000000000000000e+00 0.000000000000000000e+00 0.000000000000000000e+00 0.000000000000000000e+00 0.000000000000000000e+00 0.000000000000000000e+00 0.000000000000000000e+00 0.000000000000000000e+00 0.000000000000000000e+00 0.000000000000000000e+00
0.000000000000000000e+00 0.000000000000000000e+00 0.000000000000000000e+00 0.000000000000000000e+00 0.000000000000000000e+00 0.000000000000000000e+00 0.000000000000000000e+00 0.000000000000000000e+00 0.000000000000000000e+00 0.000000000000000000e+00 0.000000000000000000e+00 0.000000000000000000e+00 0.000000000000000000e+00 0.000000000000000000e+00 0.000000000000000000e+00 0.000000000000000000e+00 0.000000000000000000e+00 0.000000000000000000e+00
0.000000000000000000e+00 0.000000000000000000e+00 0.000000000000000000e+00 0.000000000000000000e+00 0.000000000000000000e+00 0.000000000000000000e+00 0.000000000000000000e+00 0.000000000000000000e+00 0.000000000000000000e+00 0.000000000000000000e+00 0.000000000000000000e+00 0.000000000000000000e+00 0.000000000000000000e+00 0.000000000000000000e+00 0.000000000000000000e+00 0.000000000000000000e+00 0.000000000000000000e+00 0.000000000000000000e+00
0.000000000000000000e+00 0.000000000000000000e+00 0.000000000000000000e+00 0.000000000000000000e+00 0.000000000000000000e+00 0.000000000000000000e+00 0.000000000000000000e+00 0.000000000000000000e+00 0.000000000000000000e+00 0.000000000000000000e+00 0.000000000000000000e+00 0.000000000000000000e+00 0.000000000000000000e+00 0.000000000000000000e+00 0.000000000000000000e+00 0.000000000000000000e+00 0.000000000000000000e+00 0.000000000000000000e+00
0.000000000000000000e+00 0.000000000000000000e+00 0.000000000000000000e+00 0.000000000000000000e+00 0.000000000000000000e+00 0.000000000000000000e+00 0.000000000000000000e+00 1.724088536460408744e-02 2.103465982455647240e-02 0.000000000000000000e+00 0.000000000000000000e+00 0.000000000000000000e+00 0.000000000000000000e+00 0.000000000000000000e+00 0.000000000000000000e+00 0.000000000000000000e+00 0.000000000000000000e+00 0.000000000000000000e+00
0.000000000000000000e+00 0.000000000000000000e+00 0.000000000000000000e+00 0.000000000000000000e+00 0.000000000000000000e+00 1.684864177897231197e-01 5.734802291362440796e-01 9.186427936989026710e-01 9.250366774133744752e-01 3.505991010861695956e-01 0.000000000000000000e+00 0.000000000000000000e+00 0.000000000000000000e+00 0.000000000000000000e+00 0.000000000000000000e+00 0.000000000000000000e+00 0.000000000000000000e+00 0.000000000000000000e+00
0.000000000000000000e+00 0.000000000000000000e+00 0.000000000000000000e+00 0.000000000000000000e+00 5.820099076913566594e-02 9.821400874640140444e-01 1.061654010621575717e+00 9.829584135271882683e-01 9.714270148336893174e-01 8.935778103681786266e-01 4.283206063575906164e-03 0.000000000000000000e+00 0.000000000000000000e+00 0.000000000000000000e+00 0.000000000000000000e+00 0.000000000000000000e+00 0.000000000000000000e+00 0.000000000000000000e+00
0.000000000000000000e+00 0.000000000000000000e+00 0.000000000000000000e+00 0.000000000000000000e+00 2.217833216482094638e-01 1.062285706571000965e+00 1.062285706571000965e+00 1.433693811301442578e+00 1.422565022653865086e+00 1.965703333310549805e+00 1.510812511949803927e+00 7.587530356937109977e-01 8.079800537904484603e-01 5.315839360979088823e-01 6.318083173483865674e-03 0.000000000000000000e+00 0.000000000000000000e+00 0.000000000000000000e+00
0.000000000000000000e+00 0.000000000000000000e+00 0.000000000000000000e+00 2.158370982375266700e-01 7.635207451835435144e-01 2.176197612889534394e+00 2.237823095032610787e+00 4.014025773465245805e+00 2.617952503926968433e+00 3.286957663080310788e+00 2.393894576389499207e+00 1.831785779720489726e+00 1.072381262315876160e+00 1.072381262315876160e+00 3.878635756536940038e-01 0.000000000000000000e+00 0.000000000000000000e+00 0.000000000000000000e+00
0.000000000000000000e+00 0.000000000000000000e+00 1.519973370793991918e-01 1.050924359920005324e+00 1.093387848218298819e+00 3.486048233168736132e+00 3.190793662481670179e+00 6.022657839067783847e+00 6.342974239044907314e+00 5.362354531603298113e+00 3.157986577274981332e+00 3.707504516606401346e+00 1.482960414302370911e+00 1.147204458861570409e+00 9.418360159195633408e-01 0.000000000000000000e+00 0.000000000000000000e+00 0.000000000000000000e+00
0.000000000000000000e+00 0.000000000000000000e+00 3.789088109500600710e-01 1.093412217747511184e+00 1.093387848218298819e+00 3.714484503977993235e+00 5.537616566562361342e+00 6.235374308137512145e+00 5.773148411847977002e+00 6.525342438910994858e+00 5.692525871095775791e+00 4.411769336461762059e+00 1.775781113260146427e+00 1.220089917871674423e+00 1.200003388369198287e+00 2.493462409663143448e-02 0.000000000000000000e+00 0.000000000000000000e+00
0.000000000000000000e+00 0.000000000000000000e+00 4.611127031789660768e-01 1.110464234777446491e+00 1.109377152726245486e+00 3.360544048424673136e+00 4.283850574182161530e+00 6.446270417662274710e+00 6.322617213738048747e+00 6.604302246107802254e+00 5.185594573787669859e+00 3.626087241328796562e+00 2.094583296550772022e+00 1.163317880480903233e+00 9.169478270771336259e-01 0.000000000000000000e+00 0.000000000000000000e+00 0.000000000000000000e+00
0.000000000000000000e+00 0.000000000000000000e+00 3.028823038566860748e-01 1.110486337091733278e+00 1.209755351841657500e+00 2.635149932340865142e+00 5.619688046057704334e+00 8.027682725572175215e+00 9.527623195818577528e+00 8.214491875442485380e+00 5.959818385862802437e+00 3.967783656530687875e+00 2.082024566889043360e+00 1.121620714320276546e+00 9.110056791074222504e-01 0.000000000000000000e+00 0.000000000000000000e+00 0.000000000000000000e+00
0.000000000000000000e+00 0.000000000000000000e+00 0.000000000000000000e+00 6.672514099339343918e-01 2.071055610429542337e+00 2.791198046848569980e+00 7.705228805503209877e+00 7.693095673793033384e+00 8.779275979309604239e+00 7.784009411530393052e+00 6.600832635399967785e+00 5.807308568021460005e+00 2.416311568510911112e+00 1.121450529321959655e+00 4.765645561550514997e-01 0.000000000000000000e+00 0.000000000000000000e+00 0.000000000000000000e+00
0.000000000000000000e+00 0.000000000000000000e+00 3.039569233905367943e-02 8.778233494065397213e-01 9.154856497620815770e-01 4.029327700131556611e+00 6.535260172703467596e+00 7.909859938682384239e+00 9.167433603869529435e+00 7.972813126108146520e+00 6.016908235984028686e+00 2.759884969935583410e+00 1.220280769032247470e+00 7.121477796941936278e-01 0.000000000000000000e+00 0.000000000000000000e+00 0.000000000000000000e+00 0.000000000000000000e+00
0.000000000000000000e+00 0.000000000000000000e+00 4.317407904385725526e-02 8.896288016620900185e-01 9.091619511943462850e-01 1.652484364476275003e+00 3.100190431098345023e+00 7.842130518042305098e+00 1.050315274432597867e+01 7.312522510627013972e+00 4.707653254569362566e+00 2.315851264031286494e+00 1.220280769032247470e+00 4.289249168941990931e-01 0.000000000000000000e+00 0.000000000000000000e+00 0.000000000000000000e+00 0.000000000000000000e+00
0.000000000000000000e+00 0.000000000000000000e+00 0.000000000000000000e+00 3.845287410378192550e-01 8.590825541215231231e-01 2.098702883649585349e+00 3.355002359578836302e+00 6.197964704784239665e+00 6.134483493200586501e+00 4.188118039540144721e+00 2.665222344569759816e+00 1.971507485239049284e+00 4.836486007279777732e-01 4.973550880725042568e-04 0.000000000000000000e+00 0.000000000000000000e+00 0.000000000000000000e+00 0.000000000000000000e+00
0.000000000000000000e+00 0.000000000000000000e+00 0.000000000000000000e+00 0.000000000000000000e+00 0.000000000000000000e+00 0.000000000000000000e+00 0.000000000000000000e+00 1.674785926445513939e-01 4.334083929550530456e+00 2.127527712616251510e+00 0.000000000000000000e+00 0.000000000000000000e+00 0.000000000000000000e+00 0.000000000000000000e+00 0.000000000000000000e+00 0.000000000000000000e+00 0.000000000000000000e+00 0.000000000000000000e+00
0.000000000000000000e+00 0.000000000000000000e+00 0.000000000000000000e+00 0.000000000000000000e+00 0.000000000000000000e+00 0.000000000000000000e+00 0.000000000000000000e+00 0.000000000000000000e+00 2.219246130146443008e+00 9.710968669550604782e-01 0.000000000000000000e+00 0.000000000000000000e+00 0.000000000000000000e+00 0.000000000000000000e+00 0.000000000000000000e+00 0.000000000000000000e+00 0.000000000000000000e+00 0.000000000000000000e+00
0.000000000000000000e+00 0.000000000000000000e+00 0.000000000000000000e+00 0.000000000000000000e+00 0.000000000000000000e+00 0.000000000000000000e+00 0.000000000000000000e+00 3.618798090438321013e-01 2.040040432095853173e+00 1.070936603336219539e+00 4.788903451608505502e-01 3.320039932491875567e-01 0.000000000000000000e+00 0.000000000000000000e+00 0.000000000000000000e+00 0.000000000000000000e+00 0.000000000000000000e+00 0.000000000000000000e+00
0.000000000000000000e+00 0.000000000000000000e+00 0.000000000000000000e+00 0.000000000000000000e+00 0.000000000000000000e+00 0.000000000000000000e+00 1.369764581506310586e-01 1.093431571584279727e+00 1.093439564617870285e+00 1.071865312075471088e+00 1.033254098121267672e+00 1.019494265483734674e+00 1.048179514231800669e-01 0.000000000000000000e+00 0.000000000000000000e+00 0.000000000000000000e+00 0.000000000000000000e+00 0.000000000000000000e+00
0.000000000000000000e+00 0.000000000000000000e+00 0.000000000000000000e+00 0.000000000000000000e+00 0.000000000000000000e+00 0.000000000000000000e+00 6.686728549387518927e-02 1.067969983140084622e+00 1.093439564617846083e+00 1.058489652383633128e+00 1.033254098121244802e+00 1.033254098121244802e+00 1.915043921797784099e-01 0.000000000000000000e+00 0.000000000000000000e+00 0.000000000000000000e+00 0.000000000000000000e+00 0.000000000000000000e+00
