0.000000000000000000e+00 0.000000000000000000e+00 0.000000000000000000e+00 0.000000000000000000e+00 0.000000000000000000e+00 0.000000000000000000e+00 0.000000000000000000e+00 0.000000000000000000e+00 0.000000000000000000e+00 0.000000000000000000e+00 0.000000000000000000e+00 0.000000000000000000e+00 0.000000000000000000e+00 0.000000000000000000e+00 0.000000000000000000e+00 0.000000000000000000e+00 0.000000000000000000e+00 0.000000000000000000e+00
0.000000000000000000e+00 0.000000000000000000e+00 0.000000000000000000e+00 0.000000000000000000e+00 0.000000000000000000e+00 0.000000000000000000e+00 0.000000000000000000e+00 0.000000000000000000e+00 0.000000000000000000e+00 0.000000000000000000e+00 0.000000000000000000e+00 0.000000000000000000e+00 0.000000000000000000e+00 0.000000000000000000e+00 0.000000000000000000e+00 0.000000000000000000e+00 0.000000000000000000e+00 0.000000000000000000e+00
0.000000000000000000e+00 0.000000000000000000e+00 0.000000000000000000e+00 0.000000000000000000e+00 0.000000000000000000e+00 0.000000000000000000e+00 0.000000000000000000e+00 0.000000000000000000e+00 0.000000000000000000e+00 0.000000000000000000e+00 0.000000000000000000e+00 0.000000000000000000e+00 0.000000000000000000e+00 0.000000000000000000e+00 0.000000000000000000e+00 0.000000000000000000e+00 0.000000000000000000e+00 0.000000000000000000e+00
0.000000000000000000e+00 0.000000000000000000e+00 0.000000000000000000e+00 0.000000000000000000e+00 0.000000000000000000e+00 0.000000000000000000e+00 0.000000000000000000e+00 0.000000000000000000e+00 0.000000000000000000e+00 0.000000000000000000e+00 0.000000000000000000e+00 0.000000000000000000e+00 0.000000000000000000e+00 0.000000000000000000e+00 0.000000000000000000e+00 0.000000000000000000e+00 0.000000000000000000e+00 0.000000000000000000e+00
0.000000000000000000e+00 0.000000000000000000e+00 0.000000000000000000e+00 0.000000000000000000e+00 0.000000000000000000e+00 0.000000000000000000e+00 0.000000000000000000e+00 0.000000000000000000e+00 0.000000000000000000e+00 0.000000000000000000e+00 0.000000000000000000e+00 0.000000000000000000e+00 0.000000000000000000e+00 0.000000000000000000e+00 0.000000000000000000e+00 0.000000000000000000e+00 0.000000000000000000e+00 0.000000000000000000e+00
0.000000000000000000e+00 0.000000000000000000e+00 0.000000000000000000e+00 0.000000000000000000e+00 0.000000000000000000e+00 0.000000000000000000e+00 0.000000000000000000e+00 0.000000000000000000e+00 0.000000000000000000e+00 0.000000000000000000e+00 0.000000000000000000e+00 0.000000000000000000e+00 0.000000000000000000e+00 0.000000000000000000e+00 0.000000000000000000e+00 0.000000000000000000e+00 0.000000000000000000e+00 0.000000000000000000e+00
0.000000000000000000e+00 0.000000000000000000e+00 0.000000000000000000e+00 0.000000000000000000e+00 0.000000000000000000e+00 0.000000000000000000e+00 0.000000000000000000e+00 0.000000000000000000e+00 0.000000000000000000e+00 0.000000000000000000e+00 0.000000000000000000e+00 0.000000000000000000e+00 0.000000000000000000e+00 0.000000000000000000e+00 0.000000000000000000e+00 0.000000000000000000e+00 0.000000000000000000e+00 0.000000000000000000e+00
0.000000000000000000e+00 0.000000000000000000e+00 0.000000000000000000e+00 0.000000000000000000e+00 0.000000000000000000e+00 0.000000000000000000e+00 0.000000000000000000e+00 1.307919077661540141e-02 1.796875488031284690e-02 0.000000000000000000e+00 0.000000000000000000e+00 0.000000000000000000e+00 0.000000000000000000e+00 0.000000000000000000e+00 0.000000000000000000e+00 0.000000000000000000e+00 0.000000000000000000e+00 0.000000000000000000e+00
0.000000000000000000e+00 0.000000000000000000e+00 0.000000000000000000e+00 0.000000000000000000e+00 0.000000000000000000e+00 1.591661373011135638e-01 5.614449633121759708e-01 9.017536510597997657e-01 9.116315558963181687e-01 3.470561263564206356e-01 0.000000000000000000e+00 0.000000000000000000e+00 0.000000000000000000e+00 0.000000000000000000e+00 0.000000000000000000e+00 0.000000000000000000e+00 0.000000000000000000e+00 0.000000000000000000e+00
0.000000000000000000e+00 0.000000000000000000e+00 0.000000000000000000e+00 0.000000000000000000e+00 4.808644774390567062e-02 9.709935991158975543e-01 1.058209737894767910e+00 9.750164443670805703e-01 9.618767447586910047e-01 8.821214632006498801e-01 3.232131171478917504e-03 0.000000000000000000e+00 0.000000000000000000e+00 0.000000000000000000e+00 0.000000000000000000e+00 0.000000000000000000e+00 0.000000000000000000e+00 0.000000000000000000e+00
0.000000000000000000e+00 0.000000000000000000e+00 0.000000000000000000e+00 0.000000000000000000e+00 2.059041009245757003e-01 1.058678806000608930e+00 1.058678806000608930e+00 1.331668521946357542e+00 1.360560323926301329e+00 1.919927602658181076e+00 1.449207608418601634e+00 7.165313212077983884e-01 7.958361185123574710e-01 5.120150719953356910e-01 4.047307900386956821e-03 0.000000000000000000e+00 0.000000000000000000e+00 0.000000000000000000e+00
0.000000000000000000e+00 0.000000000000000000e+00 0.000000000000000000e+00 1.971539312494244300e-01 7.706462039125673291e-01 2.144670846419299171e+00 2.177771112552446819e+00 3.879525037016454903e+00 2.573054134381716374e+00 3.234601486366569301e+00 2.341575937160312648e+00 1.782914991351929768e+00 1.068195223319857723e+00 1.068195223319857723e+00 3.689726287988511211e-01 0.000000000000000000e+00 0.000000000000000000e+00 0.000000000000000000e+00
0.000000000000000000e+00 0.000000000000000000e+00 1.332909558058242294e-01 1.052770315142538715e+00 1.107617065334988382e+00 3.530220650135542648e+00 3.041687873731431235e+00 6.070052743744655643e+00 6.265157268113489941e+00 5.439670293714291560e+00 3.033078485759975518e+00 3.692235260264129959e+00 1.391584937828260093e+00 1.126655260787025936e+00 9.338295906355336129e-01 0.000000000000000000e+00 0.000000000000000000e+00 0.000000000000000000e+00
0.000000000000000000e+00 0.000000000000000000e+00 3.626385904384917813e-01 1.107618517203371455e+00 1.107617065334988382e+00 3.835947606319987102e+00 5.651604291896931365e+00 6.162387255554175880e+00 5.717255871504477227e+00 6.517578284452618220e+00 5.798482758488002098e+00 4.475084059629302224e+00 1.741067909732427310e+00 1.180387279269112133e+00 1.168894984581302365e+00 3.708379861472119871e-02 0.000000000000000000e+00 0.000000000000000000e+00
0.000000000000000000e+00 0.000000000000000000e+00 4.589083344042138579e-01 1.109103662581729211e+00 1.108981550012763551e+00 3.435506313605002582e+00 4.392987305594518332e+00 6.333169232954785066e+00 6.235591387189415968e+00 6.747795390802494353e+00 5.295734956180713660e+00 3.433420102215783754e+00 2.109067230887947453e+00 1.130246443290419123e+00 8.976923819709470287e-01 0.000000000000000000e+00 0.000000000000000000e+00 0.000000000000000000e+00
0.000000000000000000e+00 0.000000000000000000e+00 3.260859528676433583e-01 1.109147954688960436e+00 1.184340789483980139e+00 2.697867677528336117e+00 5.569489213489935864e+00 7.930292247935126326e+00 9.393070333810955574e+00 8.143964012123637630e+00 5.960661982008393700e+00 4.053972032571518724e+00 2.130039461524135369e+00 1.085046496098549751e+00 9.144102633263702096e-01 0.000000000000000000e+00 0.000000000000000000e+00 0.000000000000000000e+00
0.000000000000000000e+00 0.000000000000000000e+00 2.119770721337296739e-04 6.983142349366326940e-01 2.116639900320678169e+00 2.642531635163566595e+00 7.547201885115226716e+00 7.812822990374730381e+00 8.865256965817732038e+00 7.791352718556981749e+00 6.574545545882330089e+00 5.973314976856573644e+00 2.346980978445973864e+00 1.085046496098549751e+00 5.749471060575290782e-01 0.000000000000000000e+00 0.000000000000000000e+00 0.000000000000000000e+00
0.000000000000000000e+00 0.000000000000000000e+00 2.864503879493583705e-02 8.709950308201271918e-01 9.320459134214994501e-01 3.904703207721361480e+00 6.658014914125423012e+00 8.094227556056845074e+00 9.241877924719206661e+00 7.890054288312699171e+00 6.047337307450946220e+00 2.884580091466586005e+00 1.246156732878523909e+00 8.044206918103179449e-01 6.570596845073657481e-03 0.000000000000000000e+00 0.000000000000000000e+00 0.000000000000000000e+00
0.000000000000000000e+00 0.000000000000000000e+00 4.707537087211775828e-02 8.883077240487121662e-01 9.047565696122740198e-01 1.621609309347090688e+00 2.973138061050774272e+00 7.618207765410240917e+00 1.030644791465176802e+01 7.330630891911519065e+00 4.759950669517499122e+00 2.383944487653733457e+00 1.246194832313316514e+00 4.902169027306368387e-01 0.000000000000000000e+00 0.000000000000000000e+00 0.000000000000000000e+00 0.000000000000000000e+00
0.000000000000000000e+00 0.000000000000000000e+00 0.000000000000000000e+00 4.030131986354129059e-01 8.641565577618155469e-01 2.021381957899396564e+00 3.200034120890360878e+00 6.068175922855341575e+00 6.269787568762270169e+00 4.068212423717345594e+00 2.810152819633751520e+00 2.226812712149380591e+00 5.575930469572069059e-01 5.080883287364629068e-03 0.000000000000000000e+00 0.000000000000000000e+00 0.000000000000000000e+00 0.000000000000000000e+00
0.000000000000000000e+00 0.000000000000000000e+00 0.000000000000000000e+00 0.000000000000000000e+00 0.000000000000000000e+00 0.000000000000000000e+00 0.000000000000000000e+00 1.693236076170301363e-01 3.903954352041548503e+00 1.713087109760744076e+00 0.000000000000000000e+00 0.000000000000000000e+00 0.000000000000000000e+00 0.000000000000000000e+00 0.000000000000000000e+00 0.000000000000000000e+00 0.000000000000000000e+00 0.000000000000000000e+00
0.000000000000000000e+00 0.000000000000000000e+00 0.000000000000000000e+00 0.000000000000000000e+00 0.000000000000000000e+00 0.000000000000000000e+00 1.517561045549604970e-01 2.106812728332243042e-15 2.045596130849812511e+00 9.591498080556103423e-01 0.000000000000000000e+00 0.000000000000000000e+00 0.000000000000000000e+00 0.000000000000000000e+00 0.000000000000000000e+00 0.000000000000000000e+00 0.000000000000000000e+00 0.000000000000000000e+00
0.000000000000000000e+00 0.000000000000000000e+00 0.000000000000000000e+00 0.000000000000000000e+00 0.000000000000000000e+00 0.000000000000000000e+00 3.716362586585151839e-01 4.267921947837197139e-01 1.547121706090854643e+00 9.069301921404878675e-01 4.638678023141242779e-01 4.572999590831726135e-01 1.019395149680025862e-02 0.000000000000000000e+00 0.000000000000000000e+00 0.000000000000000000e+00 0.000000000000000000e+00 0.000000000000000000e+00
0.000000000000000000e+00 0.000000000000000000e+00 0.000000000000000000e+00 0.000000000000000000e+00 0.000000000000000000e+00 0.000000000000000000e+00 3.520917730507510529e-02 1.399907709119768695e+00 1.399555850946638813e+00 1.311267994999796960e+00 9.928308942969884532e-01 9.928308942969884532e-01 4.581974468028159886e-01 0.000000000000000000e+00 0.000000000000000000e+00 0.000000000000000000e+00 0.000000000000000000e+00 0.000000000000000000e+00
0.000000000000000000e+00 0.000000000000000000e+00 0.000000000000000000e+00 0.000000000000000000e+00 0.000000000000000000e+00 0.000000000000000000e+00 1.925959520949847847e-02 1.228657147907145974e+00 1.291257950020687995e+00 1.231139597551081488e+00 9.928308942969664708e-01 9.928308942969664708e-01 6.237753823688796384e-01 0.000000000000000000e+00 0.000000000000000000e+00 0.000000000000000000e+00 0.000000000000000000e+00 0.000000000000000000e+00
